return {
	[1] = {
		["fov"] = 70,
		["cframe"] = CFrame.new(-4.70363712, 5.42986774, -11.7448311, -0.942453682, 0.0661853105, -0.327719718, -3.9793551e-05, 0.980187833, 0.198070288, 0.334336191, 0.186685145, -0.923779011)
	},

	[2] = {
		["fov"] = 70,
		["cframe"] = CFrame.new(-4.72102928, 5.27999878, -11.6807947, -0.941673636, 0.0657819659, -0.330036521, -7.39134848e-05, 0.980668783, 0.19567512, 0.33652842, 0.18428643, -0.923465133)
	},

	[3] = {
		["fov"] = 70,
		["cframe"] = CFrame.new(-4.73842144, 5.13013077, -11.6167583, -0.940887928, 0.0653725937, -0.332350582, -0.000102348626, 0.981143951, 0.193278521, 0.338718861, 0.181887388, -0.923139811)
	},

	[4] = {
		["fov"] = 70,
		["cframe"] = CFrame.new(-4.7558136, 4.98026228, -11.552722, -0.940096796, 0.0649572164, -0.334661782, -0.000125095248, 0.981613278, 0.190880671, 0.340907514, 0.179488167, -0.922803342)
	},

	[5] = {
		["fov"] = 70,
		["cframe"] = CFrame.new(-4.77320576, 4.83039427, -11.4886856, -0.939301252, 0.0645358711, -0.336970329, -0.000142149627, 0.982076705, 0.188481614, 0.343094528, 0.177088842, -0.922456682)
	},

	[6] = {
		["fov"] = 70,
		["cframe"] = CFrame.new(-4.79059792, 4.68052578, -11.4246483, -0.938499987, 0.0641085356, -0.339275956, -0.000153526664, 0.982534349, 0.18608135, 0.345279694, 0.174689412, -0.922098637)
	},

	[7] = {
		["fov"] = 70,
		["cframe"] = CFrame.new(-4.80799007, 4.53065729, -11.3606119, -0.937693954, 0.0636752248, -0.341578722, -0.000159207731, 0.982986093, 0.183679923, 0.347463012, 0.172289893, -0.921730042)
	},

	[8] = {
		["fov"] = 70,
		["cframe"] = CFrame.new(-4.82538128, 4.3807888, -11.2965755, -0.936882675, 0.063235946, -0.343878627, -0.000159211457, 0.983431995, 0.181277394, 0.349644482, 0.169890374, -0.92135036)
	},

	[9] = {
		["fov"] = 70,
		["cframe"] = CFrame.new(-4.84277344, 4.23092079, -11.2325392, -0.936066389, 0.0627907068, -0.346175551, -0.000153522938, 0.983871996, 0.178873807, 0.351824045, 0.16749087, -0.92095989)
	},

	[10] = {
		["fov"] = 70,
		["cframe"] = CFrame.new(-4.8601656, 4.0810523, -11.1685028, -0.935244918, 0.0623395108, -0.348469436, -0.000142145902, 0.984306157, 0.176469147, 0.354001641, 0.165091395, -0.920558512)
	},

	[11] = {
		["fov"] = 70,
		["cframe"] = CFrame.new(-4.87755775, 3.93118382, -11.1044664, -0.93441838, 0.0618823692, -0.350760311, -0.00012508966, 0.984734416, 0.174063548, 0.356177241, 0.162692055, -0.920146167)
	},

	[12] = {
		["fov"] = 70,
		["cframe"] = CFrame.new(-4.89494991, 3.7813158, -11.0404301, -0.933587253, 0.0614193119, -0.353048235, -0.000102341175, 0.985156775, 0.171657011, 0.358350903, 0.160292879, -0.91972357)
	},

	[13] = {
		["fov"] = 70,
		["cframe"] = CFrame.new(-4.91234207, 3.63144732, -10.9763927, -0.932750583, 0.0609503016, -0.355332941, -7.39078969e-05, 0.985573232, 0.16924952, 0.360522419, 0.157893851, -0.919289529)
	},

	[14] = {
		["fov"] = 70,
		["cframe"] = CFrame.new(-4.92973423, 3.48157883, -10.9123564, -0.931909323, 0.0604753904, -0.357614517, -3.97898257e-05, 0.985983729, 0.166841224, 0.362691879, 0.155495092, -0.918845057)
	},

	[15] = {
		["fov"] = 70,
		["cframe"] = CFrame.new(-4.94712639, 3.33171082, -10.84832, -0.931062698, 0.0599945709, -0.359892935, 3.72528985e-09, 0.986388564, 0.164432094, 0.364859223, 0.153096586, -0.918389559)
	},

	[16] = {
		["fov"] = 70.11394185240844,
		["cframe"] = CFrame.new(-5.01551628, 3.35255861, -10.8628683, -0.924848199, 0.0650433451, -0.374733597, 5.45866787e-05, 0.985291064, 0.170884475, 0.380336553, 0.158021733, -0.911248267)
	},

	[17] = {
		["fov"] = 70.45230534410568,
		["cframe"] = CFrame.new(-5.08390713, 3.37340641, -10.8774157, -0.918376386, 0.0701707453, -0.389436781, 0, 0.984151661, 0.177329555, 0.395708114, 0.162855282, -0.903821588)
	},

	[18] = {
		["fov"] = 71.00480947161671,
		["cframe"] = CFrame.new(-4.99613285, 3.32573748, -10.8895464, -0.939301312, 0.0538971201, -0.338834167, 0.000630296767, 0.987853467, 0.155387014, 0.343093395, 0.145741612, -0.927926064)
	},

	[19] = {
		["fov"] = 71.75466667660767,
		["cframe"] = CFrame.new(-4.90835857, 3.27806854, -10.9016762, -0.957214713, 0.0385937318, -0.286793679, 0, 0.991066754, 0.133367524, 0.289378792, 0.127661362, -0.948663592)
	},

	[20] = {
		["fov"] = 72.67909292735095,
		["cframe"] = CFrame.new(-5.17520809, 3.28817987, -11.089489, -0.932212889, 0.0443435013, -0.359184176, -0.000381886959, 0.99234426, 0.123502158, 0.36191085, 0.115267433, -0.92505914)
	},

	[21] = {
		["fov"] = 73.75,
		["cframe"] = CFrame.new(-5.44205761, 3.29829121, -11.2773018, -0.901723742, 0.0491213389, -0.429512978, -3.72528985e-09, 0.993523836, 0.113624573, 0.432312667, 0.102457978, -0.895884037)
	},

	[22] = {
		["fov"] = 74.93484892505748,
		["cframe"] = CFrame.new(-5.494277, 3.21267128, -11.6045856, -0.918616831, 0.0257947296, -0.394307077, 0.00104072411, 0.998021543, 0.0628638789, 0.395148516, 0.0573374406, -0.916826248)
	},

	[23] = {
		["fov"] = 76.19763866749803,
		["cframe"] = CFrame.new(-5.54649639, 3.12705183, -11.9318705, -0.93397969, 0.00426647533, -0.357300729, 0, 0.999928772, 0.0119400006, 0.35732621, 0.011151718, -0.933913112)
	},

	[24] = {
		["fov"] = 77.5,
		["cframe"] = CFrame.new(-5.36701965, 3.10486174, -11.8054037, -0.960298479, 0.000799616857, -0.278973639, 5.82076609e-11, 0.999995947, 0.00286626886, 0.278974801, 0.00275247358, -0.960294485)
	},

	[25] = {
		["fov"] = 78.80236133250197,
		["cframe"] = CFrame.new(-5.53647804, 2.83977795, -11.8156767, -0.936631501, -0.0429654829, -0.347672224, -0.00430270657, 0.993786395, -0.111221053, 0.350290596, -0.102677174, -0.930996537)
	},

	[26] = {
		["fov"] = 80.06515107494252,
		["cframe"] = CFrame.new(-5.70593548, 2.57469368, -11.8259506, -0.907693028, -0.0939388275, -0.408985287, 0, 0.974621713, -0.223858431, 0.419634968, -0.203194737, -0.884657204)
	},

	[27] = {
		["fov"] = 81.25,
		["cframe"] = CFrame.new(-5.4554348, 2.32814646, -11.8520212, -0.951385796, -0.105020761, -0.289544165, 7.4505806e-09, 0.940072775, -0.34097442, 0.308001906, -0.32439822, -0.894371748)
	},

	[28] = {
		["fov"] = 82.32090707264905,
		["cframe"] = CFrame.new(-5.54324913, 1.95004368, -11.8329992, -0.940385997, -0.130752906, -0.313971609, -0.000756382942, 0.923950195, -0.382511944, 0.340108663, -0.359471351, -0.868968785)
	},

	[29] = {
		["fov"] = 83.24533332339233,
		["cframe"] = CFrame.new(-5.63106346, 1.57194042, -11.8139772, -0.928303361, -0.157389432, -0.336870223, 0, 0.905994177, -0.423290312, 0.371823847, -0.392941833, -0.841037393)
	},

	[30] = {
		["fov"] = 83.99519052838329,
		["cframe"] = CFrame.new(-5.60979652, 1.13214016, -11.675725, -0.92919004, -0.176239416, -0.324877769, -0.000787526369, 0.879934788, -0.475093842, 0.369601518, -0.44119662, -0.817765415)
	},

	[31] = {
		["fov"] = 84.54769465589432,
		["cframe"] = CFrame.new(-5.58853054, 0.692340136, -11.5374727, -0.9300524, -0.194362164, -0.311810642, -0.00171243399, 0.850916862, -0.525297582, 0.367422909, -0.488020331, -0.791730046)
	},

	[32] = {
		["fov"] = 84.88605814759156,
		["cframe"] = CFrame.new(-5.62067032, 0.306453705, -11.5237427, -0.928885937, -0.205109164, -0.308384955, -0.00173065066, 0.835043669, -0.550181031, 0.370362043, -0.51052165, -0.776015282)
	},

	[33] = {
		["fov"] = 85,
		["cframe"] = CFrame.new(-5.65280914, -0.0794329643, -11.5100126, -0.927710593, -0.21574834, -0.304640561, -0.00165556371, 0.818443239, -0.574585021, 0.373296767, -0.532544196, -0.759635687)
	},

	[34] = {
		["fov"] = 84.82962913144534,
		["cframe"] = CFrame.new(-5.6734314, -0.328520536, -11.5008373, -0.926993251, -0.222159714, -0.302206516, -0.00161704421, 0.808075488, -0.589076757, 0.375074804, -0.54558146, -0.749439776)
	},

	[35] = {
		["fov"] = 84.3301270189222,
		["cframe"] = CFrame.new(-5.69405365, -0.577608347, -11.491662, -0.926272869, -0.228526443, -0.299657345, -0.00154432654, 0.797450304, -0.603382707, 0.376850724, -0.558434129, -0.739009559)
	},

	[36] = {
		["fov"] = 83.53553390593274,
		["cframe"] = CFrame.new(-5.7146759, -0.826695919, -11.4824867, -0.925549805, -0.2348454, -0.29699415, -0.00143754482, 0.786573052, -0.617495596, 0.378623605, -0.571095884, -0.728350222)
	},

	[37] = {
		["fov"] = 82.5,
		["cframe"] = CFrame.new(-5.72925568, -1.00319815, -11.4758997, -0.92504853, -0.23918888, -0.295084625, -0.00135894865, 0.778923392, -0.627117693, 0.379847854, -0.579712927, -0.720867097)
	},

	[38] = {
		["fov"] = 81.2940952255126,
		["cframe"] = CFrame.new(-5.7438345, -1.17970026, -11.4693136, -0.924545288, -0.243508101, -0.293121219, -0.00126411766, 0.771156251, -0.636644781, 0.381070435, -0.588236272, -0.713276684)
	},

	[39] = {
		["fov"] = 80,
		["cframe"] = CFrame.new(-5.7630682, -1.41267788, -11.4605923, -0.923883677, -0.249138251, -0.290463507, -0.00112001598, 0.760794878, -0.648991406, 0.382671773, -0.599267304, -0.703165054)
	},

	[40] = {
		["fov"] = 78.7059047744874,
		["cframe"] = CFrame.new(-5.78230286, -1.64565539, -11.4518719, -0.923220336, -0.254724562, -0.287714362, -0.000947996974, 0.750235319, -0.661170185, 0.384269774, -0.610132992, -0.692874014)
	},

	[41] = {
		["fov"] = 77.5,
		["cframe"] = CFrame.new(-5.80153656, -1.87863302, -11.4431515, -0.922555566, -0.260264844, -0.284874827, -0.000748127699, 0.739481807, -0.673176169, 0.385863811, -0.620829225, -0.682407856)
	},

	[42] = {
		["fov"] = 76.46446609406726,
		["cframe"] = CFrame.new(-5.81348038, -2.02335954, -11.4377232, -0.922143459, -0.263670683, -0.283072084, -0.00061237812, 0.732732177, -0.680516899, 0.38684836, -0.627360642, -0.675845742)
	},

	[43] = {
		["fov"] = 75.6698729810778,
		["cframe"] = CFrame.new(-5.82542419, -2.16808605, -11.4322958, -0.921730161, -0.267058074, -0.281235039, -0.000466004014, 0.725909948, -0.687789619, 0.387831092, -0.633825481, -0.669217467)
	},

	[44] = {
		["fov"] = 75.17037086855466,
		["cframe"] = CFrame.new(-5.84329796, -2.38501453, -11.4240885, -0.921121418, -0.272016376, -0.278465807, -0.000244498253, 0.715746224, -0.698360562, 0.389276326, -0.643206477, -0.65935576)
	},

	[45] = {
		["fov"] = 75,
		["cframe"] = CFrame.new(-5.86117363, -2.60194325, -11.4158812, -0.920510709, -0.276932895, -0.275623292, 0, 0.705428898, -0.708780706, 0.390717328, -0.65244025, -0.649354875)
	},

	[46] = {
		["fov"] = 75,
		["cframe"] = CFrame.new(-10.5371914, 114.25798, 5.37669849, 0.920499444, 0.355744362, -0.161637813, 0, 0.413666874, 0.910428405, 0.390743911, -0.838048816, 0.380780131)
	},

	[47] = {
		["fov"] = 75.0111111111111,
		["cframe"] = CFrame.new(-10.3233242, 114.29129, 5.42046928, 0.924416482, 0.34764719, -0.156829983, 0.000564366579, 0.40996471, 0.912101328, 0.381384164, -0.843249977, 0.378781945)
	},

	[48] = {
		["fov"] = 75.04444444444445,
		["cframe"] = CFrame.new(-10.109457, 114.324593, 5.46423912, 0.928238988, 0.339493781, -0.152040929, 0.00108748674, 0.406250745, 0.91376102, 0.371982902, -0.848353863, 0.376728565)
	},

	[49] = {
		["fov"] = 75.1,
		["cframe"] = CFrame.new(-9.89558983, 114.357903, 5.50800991, 0.931966364, 0.331285238, -0.147271335, 0.00156928599, 0.402525425, 0.915407538, 0.362541437, -0.853360176, 0.374620259)
	},

	[50] = {
		["fov"] = 75.17777777777778,
		["cframe"] = CFrame.new(-9.68172264, 114.391212, 5.5517807, 0.935598254, 0.323022455, -0.14252162, 0.00200971961, 0.398788869, 0.917040646, 0.353060722, -0.858268082, 0.372456968)
	},

	[51] = {
		["fov"] = 75.27777777777777,
		["cframe"] = CFrame.new(-9.46785545, 114.424522, 5.59555054, 0.93913424, 0.314706475, -0.137792438, 0.0024087429, 0.395041943, 0.918659925, 0.34354201, -0.863076925, 0.370239347)
	},

	[52] = {
		["fov"] = 75.4,
		["cframe"] = CFrame.new(-9.25398827, 114.457825, 5.63932133, 0.942573845, 0.30633834, -0.133084327, 0.00276631117, 0.391284585, 0.920265675, 0.333986491, -0.867786527, 0.367967159)
	},

	[53] = {
		["fov"] = 75.54444444444445,
		["cframe"] = CFrame.new(-9.04012108, 114.491135, 5.68309116, 0.945916653, 0.297918886, -0.128397942, 0.003082335, 0.387517869, 0.921857059, 0.32439512, -0.872395694, 0.365641296)
	},

	[54] = {
		["fov"] = 75.71111111111111,
		["cframe"] = CFrame.new(-8.82625389, 114.524445, 5.72686195, 0.949162304, 0.289449275, -0.123733684, 0.00335679948, 0.383741766, 0.923434317, 0.314769149, -0.876904428, 0.36326161)
	},

	[55] = {
		["fov"] = 75.9,
		["cframe"] = CFrame.new(-8.6123867, 114.557755, 5.77063274, 0.952310443, 0.280930459, -0.119092256, 0.00358965993, 0.37995702, 0.924997211, 0.305109829, -0.881312013, 0.360828549)
	},

	[56] = {
		["fov"] = 76.11111111111111,
		["cframe"] = CFrame.new(-8.39851952, 114.591057, 5.81440258, 0.955360591, 0.272363514, -0.114474103, 0.00378093123, 0.376163721, 0.92654562, 0.295418203, -0.885617971, 0.358342201)
	},

	[57] = {
		["fov"] = 76.34444444444445,
		["cframe"] = CFrame.new(-8.18465233, 114.624367, 5.85817337, 0.958312392, 0.263749361, -0.109879822, 0.00393055379, 0.372362792, 0.92807889, 0.285695374, -0.88982141, 0.355803221)
	},

	[58] = {
		["fov"] = 76.6,
		["cframe"] = CFrame.new(-8.09106827, 114.599846, 5.85798264, 0.958373189, 0.263672948, -0.109532453, 0.00412604213, 0.37079668, 0.928704858, 0.285488635, -0.890497804, 0.354273677)
	},

	[59] = {
		["fov"] = 76.87777777777778,
		["cframe"] = CFrame.new(-7.9974823, 114.575333, 5.8577919, 0.958433986, 0.263595968, -0.109185264, 0.00432118773, 0.369229347, 0.929328322, 0.285281599, -0.891171694, 0.35274291)
	},

	[60] = {
		["fov"] = 77.17777777777778,
		["cframe"] = CFrame.new(-7.90389824, 114.550812, 5.85760021, 0.958494842, 0.263518274, -0.108838141, 0.00451594591, 0.367661059, 0.929948866, 0.285074085, -0.891842663, 0.35121119)
	},

	[61] = {
		["fov"] = 77.5,
		["cframe"] = CFrame.new(-7.81031418, 114.526299, 5.85740948, 0.958555698, 0.263440132, -0.108491205, 0.00471033156, 0.36609152, 0.930566907, 0.284866363, -0.892511249, 0.349678218)
	},

	[62] = {
		["fov"] = 77.82222222222222,
		["cframe"] = CFrame.new(-7.71673012, 114.501778, 5.85721874, 0.958616555, 0.263361275, -0.108144403, 0.00490438938, 0.364520997, 0.931182384, 0.284658253, -0.893177152, 0.348144233)
	},

	[63] = {
		["fov"] = 78.12222222222222,
		["cframe"] = CFrame.new(-7.62314415, 114.477264, 5.85702801, 0.958677411, 0.263281822, -0.107797749, 0.00509805977, 0.362949342, 0.931795001, 0.284449816, -0.893840313, 0.346609116)
	},

	[64] = {
		["fov"] = 78.4,
		["cframe"] = CFrame.new(-7.52956009, 114.452744, 5.85683727, 0.958738267, 0.263201803, -0.107451178, 0.00529137254, 0.361376643, 0.932404876, 0.284240991, -0.894500732, 0.345072925)
	},

	[65] = {
		["fov"] = 78.65555555555555,
		["cframe"] = CFrame.new(-7.43597603, 114.428223, 5.85664558, 0.958799124, 0.263121247, -0.107104816, 0.00548432767, 0.359802634, 0.933012426, 0.284031957, -0.895158947, 0.343535423)
	},

	[66] = {
		["fov"] = 78.88888888888889,
		["cframe"] = CFrame.new(-7.34239006, 114.403709, 5.85645485, 0.95886004, 0.263039947, -0.106758565, 0.00567689538, 0.358227938, 0.933616936, 0.283822447, -0.895814002, 0.341997206)
	},

	[67] = {
		["fov"] = 79.1,
		["cframe"] = CFrame.new(-7.248806, 114.379189, 5.85626411, 0.958920956, 0.262958109, -0.106412448, 0.00586907566, 0.356651902, 0.934218943, 0.283612669, -0.896466672, 0.340457678)
	},

	[68] = {
		["fov"] = 79.28888888888889,
		["cframe"] = CFrame.new(-7.15522194, 114.354675, 5.85607338, 0.958981872, 0.262875676, -0.106066495, 0.00606094301, 0.355074853, 0.934818268, 0.283402532, -0.897116661, 0.338917077)
	},

	[69] = {
		["fov"] = 79.45555555555555,
		["cframe"] = CFrame.new(-7.06163788, 114.330154, 5.85588169, 0.959042847, 0.262792677, -0.105720684, 0.00625237823, 0.353496879, 0.935414791, 0.283192098, -0.897763848, 0.337375581)
	},

	[70] = {
		["fov"] = 79.6,
		["cframe"] = CFrame.new(-6.96805191, 114.305641, 5.85569096, 0.959103763, 0.262709051, -0.105375014, 0.00644350052, 0.351917595, 0.936008871, 0.282981306, -0.898408592, 0.335832715)
	},

	[71] = {
		["fov"] = 79.72222222222223,
		["cframe"] = CFrame.new(-6.87446785, 114.28112, 5.85550022, 0.959164739, 0.2626248, -0.105029523, 0.00663419068, 0.350337684, 0.936600029, 0.282770157, -0.899050534, 0.334289253)
	},

	[72] = {
		["fov"] = 79.82222222222222,
		["cframe"] = CFrame.new(-6.85040474, 114.145241, 5.7913332, 0.955119491, 0.274927557, -0.110279508, 0.00730885565, 0.350302577, 0.936608136, 0.296130598, -0.895378768, 0.332571417)
	},

	[73] = {
		["fov"] = 79.9,
		["cframe"] = CFrame.new(-6.82634354, 114.009361, 5.72716713, 0.95088774, 0.287177831, -0.11550495, 0.00798395276, 0.350276232, 0.936612308, 0.309432954, -0.891535342, 0.330780566)
	},

	[74] = {
		["fov"] = 79.95555555555555,
		["cframe"] = CFrame.new(-6.80228233, 113.873489, 5.66300011, 0.946470201, 0.299373329, -0.120705001, 0.00865928829, 0.350258619, 0.936613083, 0.32267493, -0.887521625, 0.328916997)
	},

	[75] = {
		["fov"] = 79.9888888888889,
		["cframe"] = CFrame.new(-6.77821922, 113.73761, 5.59883404, 0.941867888, 0.311511576, -0.125878468, 0.00933486223, 0.350249618, 0.936609864, 0.335853696, -0.883337855, 0.326980948)
	},

	[76] = {
		["fov"] = 80,
		["cframe"] = CFrame.new(-6.75415611, 113.60173, 5.53466702, 0.937081575, 0.323590308, -0.13102442, 0.0100104213, 0.350249231, 0.936603129, 0.348966867, -0.878985226, 0.324972838)
	},

	[77] = {
		["fov"] = 79.95555555555555,
		["cframe"] = CFrame.new(-6.73009491, 113.465851, 5.47050095, 0.932112277, 0.335607052, -0.136141837, 0.0106858909, 0.350257605, 0.936592579, 0.362011731, -0.874464273, 0.322893143)
	},

	[78] = {
		["fov"] = 79.82222222222222,
		["cframe"] = CFrame.new(-6.70603371, 113.329979, 5.40633392, 0.926960945, 0.347559452, -0.141229689, 0.0113611221, 0.350274742, 0.936578155, 0.374985754, -0.869775891, 0.320742339)
	},

	[79] = {
		["fov"] = 79.6,
		["cframe"] = CFrame.new(-6.6819706, 113.194099, 5.34216785, 0.921628535, 0.359445244, -0.146287024, 0.0120359957, 0.350300521, 0.936560035, 0.387886465, -0.864921212, 0.318520665)
	},

	[80] = {
		["fov"] = 79.28888888888889,
		["cframe"] = CFrame.new(-6.65790749, 113.05822, 5.27800083, 0.916116178, 0.371262074, -0.151312768, 0.0127104372, 0.350334704, 0.936538219, 0.400711298, -0.859901071, 0.31622839)
	},

	[81] = {
		["fov"] = 78.88888888888889,
		["cframe"] = CFrame.new(-6.63384628, 112.92234, 5.21383381, 0.910424888, 0.383007735, -0.156306073, 0.0133841634, 0.350377738, 0.936512828, 0.413457811, -0.854716659, 0.313866377)
	},

	[82] = {
		["fov"] = 78.4,
		["cframe"] = CFrame.new(-6.60978508, 112.786461, 5.14966774, 0.904555798, 0.394679844, -0.161265984, 0.0140571445, 0.350429505, 0.936483622, 0.426123559, -0.849368572, 0.311434984)
	},

	[83] = {
		["fov"] = 77.82222222222222,
		["cframe"] = CFrame.new(-6.58572197, 112.650589, 5.08550072, 0.898509979, 0.406276107, -0.166191354, 0.0147292763, 0.350489706, 0.936450779, 0.438705921, -0.843858302, 0.308934361)
	},

	[84] = {
		["fov"] = 77.15555555555555,
		["cframe"] = CFrame.new(-6.56165886, 112.514709, 5.02133465, 0.892288744, 0.417794168, -0.171081334, 0.0154003501, 0.350558817, 0.936414063, 0.451202422, -0.838186443, 0.30636549)
	},

	[85] = {
		["fov"] = 76.4,
		["cframe"] = CFrame.new(-6.53759766, 112.37883, 4.95716763, 0.885893226, 0.429232001, -0.175934881, 0.0160702616, 0.350636274, 0.93637377, 0.463610739, -0.832354486, 0.303728431)
	},

	[86] = {
		["fov"] = 75.55555555555556,
		["cframe"] = CFrame.new(-6.51353645, 112.24295, 4.89300156, 0.879324675, 0.440587193, -0.180751234, 0.0167389214, 0.350722462, 0.936329782, 0.475928456, -0.826363504, 0.30102396)
	},

	[87] = {
		["fov"] = 74.62222222222222,
		["cframe"] = CFrame.new(-6.48947334, 112.107079, 4.82883453, 0.872584403, 0.451857716, -0.185529321, 0.0174061656, 0.350817084, 0.936282337, 0.488153189, -0.820214689, 0.298252404)
	},

	[88] = {
		["fov"] = 73.6,
		["cframe"] = CFrame.new(-6.46541023, 111.971199, 4.76466846, 0.865673721, 0.463041067, -0.190268144, 0.0180718452, 0.350920588, 0.936230779, 0.500282288, -0.813908815, 0.295414746)
	},

	[89] = {
		["fov"] = 72.4888888888889,
		["cframe"] = CFrame.new(-6.44134903, 111.83532, 4.70050144, 0.858594, 0.47413528, -0.194967002, 0.0187357813, 0.351032466, 0.936175942, 0.512313724, -0.80744791, 0.292511046)
	},

	[90] = {
		["fov"] = 71.28888888888889,
		["cframe"] = CFrame.new(-6.39634705, 111.429817, 4.53112793, 0.83847636, 0.501328707, -0.213604599, 0.0192993581, 0.364414841, 0.93103683, 0.544596076, -0.784774899, 0.295877904)
	},

	[91] = {
		["fov"] = 70,
		["cframe"] = CFrame.new(-6.35134697, 111.024315, 4.36175442, 0.817151725, 0.527535677, -0.232312694, 0.0193172395, 0.37773639, 0.925711691, 0.576098919, -0.760934532, 0.298477411)
	},

	[92] = {
		["fov"] = 68.62222222222222,
		["cframe"] = CFrame.new(-6.30634499, 110.618813, 4.19237995, 0.794654548, 0.552713871, -0.251060843, 0.0187894404, 0.390975237, 0.920209467, 0.606771052, -0.735965908, 0.300305068)
	},

	[93] = {
		["fov"] = 67.15555555555555,
		["cframe"] = CFrame.new(-6.26134491, 110.21331, 4.02300644, 0.771021783, 0.576821923, -0.269818395, 0.0177167952, 0.404109716, 0.914539099, 0.636562347, -0.709909916, 0.301357925)
	},

	[94] = {
		["fov"] = 65.6,
		["cframe"] = CFrame.new(-6.21634293, 109.807816, 3.85363269, 0.746291995, 0.599820375, -0.288554728, 0.0161010921, 0.417118609, 0.908709526, 0.665423989, -0.682808638, 0.30163449)
	},

	[95] = {
		["fov"] = 63.955555555555556,
		["cframe"] = CFrame.new(-6.17134094, 109.402313, 3.68425918, 0.720505357, 0.621672034, -0.307239264, 0.0139450133, 0.429980248, 0.902730703, 0.693309188, -0.654706836, 0.301133811)
	},

	[96] = {
		["fov"] = 62.22222222222222,
		["cframe"] = CFrame.new(-6.12634087, 108.996811, 3.51488519, 0.693704188, 0.642340958, -0.325841367, 0.011251986, 0.442674011, 0.896612048, 0.720172107, -0.625650048, 0.299857169)
	},

	[97] = {
		["fov"] = 60.4,
		["cframe"] = CFrame.new(-6.08133888, 108.591309, 3.34551167, 0.665932298, 0.661793351, -0.344330847, 0.00802648067, 0.455179244, 0.890363574, 0.745968997, -0.595685601, 0.29780668)
	},

	[98] = {
		["fov"] = 58.488888888888894,
		["cframe"] = CFrame.new(-6.03633881, 108.185806, 3.17613769, 0.637234628, 0.679997921, -0.362677515, 0.00427377224, 0.467474997, 0.883996129, 0.770658076, -0.564862967, 0.294985056)
	},

	[99] = {
		["fov"] = 56.51111111111111,
		["cframe"] = CFrame.new(-5.99133682, 107.780304, 3.00676417, 0.607658327, 0.696924329, -0.380851388, 0, 0.479541749, 0.877519071, 0.794198513, -0.533231795, 0.291397542)
	},

	[100] = {
		["fov"] = 54.6,
		["cframe"] = CFrame.new(-5.8163681, 107.142563, 2.8078177, 0.584547579, 0.699030399, -0.411898822, 0.00568792224, 0.504121959, 0.863613725, 0.811339498, -0.507166147, 0.290707201)
	},

	[101] = {
		["fov"] = 52.77777777777778,
		["cframe"] = CFrame.new(-5.64140129, 106.504829, 2.60887122, 0.56081593, 0.699746609, -0.44253841, 0.010558486, 0.528416991, 0.848919332, 0.82787323, -0.480760038, 0.288956374)
	},

	[102] = {
		["fov"] = 51.04444444444445,
		["cframe"] = CFrame.new(-5.46643353, 105.867088, 2.40992475, 0.536502838, 0.699071527, -0.47271961, 0.0146039724, 0.552386761, 0.833460093, 0.843772233, -0.454057246, 0.286147803)
	},

	[103] = {
		["fov"] = 49.400000000000006,
		["cframe"] = CFrame.new(-5.29146576, 105.229347, 2.21097827, 0.511648059, 0.697006583, -0.502392411, 0.0178174675, 0.575991273, 0.817261577, 0.859010339, -0.427101731, 0.282285959)
	},

	[104] = {
		["fov"] = 47.84444444444444,
		["cframe"] = CFrame.new(-5.11649799, 104.591606, 2.01203179, 0.486293197, 0.693554938, -0.53150785, 0.0201936364, 0.599192023, 0.800350666, 0.873562336, -0.399938226, 0.277377635)
	},

	[105] = {
		["fov"] = 46.37777777777777,
		["cframe"] = CFrame.new(-4.94153023, 103.953873, 1.81308532, 0.460480094, 0.688722253, -0.560017586, 0.0217285454, 0.621950388, 0.782755136, 0.887404084, -0.372611523, 0.27143082)
	},

	[106] = {
		["fov"] = 45.00000000000001,
		["cframe"] = CFrame.new(-4.76656246, 103.316132, 1.61413884, 0.43425107, 0.682516873, -0.58787477, 0.0224198699, 0.644228637, 0.764504254, 0.900512815, -0.345166862, 0.26445505)
	},

	[107] = {
		["fov"] = 43.711111111111116,
		["cframe"] = CFrame.new(-4.6677494, 103.236237, 1.46813655, 0.415287912, 0.674982607, -0.609864235, 0.0277398825, 0.660700798, 0.750136614, 0.909266949, -0.328440189, 0.255657136)
	},

	[108] = {
		["fov"] = 42.511111111111106,
		["cframe"] = CFrame.new(-4.56893539, 103.156334, 1.32213426, 0.396037728, 0.666748703, -0.631348133, 0.0326003432, 0.676924348, 0.735330462, 0.917655468, -0.311800867, 0.246351302)
	},

	[109] = {
		["fov"] = 41.4,
		["cframe"] = CFrame.new(-4.47012234, 103.076431, 1.17613196, 0.376519024, 0.657822251, -0.652306318, 0.0369966328, 0.692884624, 0.720098734, 0.925669909, -0.295264095, 0.236546993)
	},

	[110] = {
		["fov"] = 40.37777777777778,
		["cframe"] = CFrame.new(-4.37130928, 102.996536, 1.03012919, 0.356749117, 0.648211718, -0.672719717, 0.0409249067, 0.708566904, 0.704455972, 0.933303475, -0.278845102, 0.226252615)
	},

	[111] = {
		["fov"] = 39.44444444444444,
		["cframe"] = CFrame.new(-4.27249527, 102.916641, 0.884126902, 0.336746573, 0.637925923, -0.692569315, 0.0443813205, 0.723956704, 0.688416362, 0.940548837, -0.262559026, 0.215477943)
	},

	[112] = {
		["fov"] = 38.6,
		["cframe"] = CFrame.new(-4.17368221, 102.836739, 0.738124609, 0.31652981, 0.626974344, -0.711837053, 0.0473628938, 0.739039838, 0.671994627, 0.947399378, -0.246420965, 0.204232812)
	},

	[113] = {
		["fov"] = 37.84444444444444,
		["cframe"] = CFrame.new(-4.0748682, 102.756836, 0.592122316, 0.296116918, 0.615367115, -0.730505466, 0.0498667955, 0.753802419, 0.655206203, 0.953849196, -0.230445653, 0.192527235)
	},

	[114] = {
		["fov"] = 37.17777777777778,
		["cframe"] = CFrame.new(-3.97605515, 102.676941, 0.446120024, 0.275527239, 0.603114724, -0.748556912, 0.0518906713, 0.768231094, 0.638066113, 0.959891737, -0.214647755, 0.180372536)
	},

	[115] = {
		["fov"] = 36.6,
		["cframe"] = CFrame.new(-3.88977146, 102.922981, 0.280717611, 0.252047539, 0.58674264, -0.769548774, 0.0581951439, 0.784593165, 0.617273748, 0.965963483, -0.200366333, 0.163609207)
	},

	[116] = {
		["fov"] = 36.111111111111114,
		["cframe"] = CFrame.new(-3.80348778, 103.169014, 0.115315199, 0.228273034, 0.569610059, -0.789579511, 0.0638518333, 0.800487161, 0.595938981, 0.971501112, -0.186452881, 0.146358967)
	},

	[117] = {
		["fov"] = 35.711111111111116,
		["cframe"] = CFrame.new(-3.71720314, 103.415054, -0.0500869751, 0.204233095, 0.551738858, -0.808624268, 0.0688538849, 0.815892935, 0.574088812, 0.976497889, -0.172924876, 0.128642976)
	},

	[118] = {
		["fov"] = 35.400000000000006,
		["cframe"] = CFrame.new(-3.63091946, 103.661087, -0.215489149, 0.179958433, 0.533151567, -0.826658666, 0.0731948763, 0.830790877, 0.551750839, 0.980947316, -0.159799457, 0.110483825)
	},

	[119] = {
		["fov"] = 35.17777777777778,
		["cframe"] = CFrame.new(-3.54463577, 103.907127, -0.380891562, 0.155479491, 0.513871312, -0.843660235, 0.0768693686, 0.84516269, 0.528952897, 0.98484385, -0.147092983, 0.091904521)
	},

	[120] = {
		["fov"] = 35.044444444444444,
		["cframe"] = CFrame.new(-3.45835114, 104.153168, -0.546293974, 0.130827367, 0.493922651, -0.85960722, 0.0798726082, 0.858989835, 0.505724072, 0.988182425, -0.134821594, 0.0729284883)
	},

	[121] = {
		["fov"] = 35,
		["cframe"] = CFrame.new(-3.37206745, 104.3992, -0.711696386, 0.106032625, 0.473330826, -0.874479949, 0.0822010338, 0.872254968, 0.482093632, 0.990959227, -0.123000816, 0.0535792112)
	},

	[122] = {
		["fov"] = 35.00256,
		["cframe"] = CFrame.new(-3.28578377, 104.645241, -0.87709856, 0.0811270922, 0.452121496, -0.888259292, 0.0838514715, 0.884941518, 0.45809114, 0.993170381, -0.111645475, 0.0338816643)
	},

	[123] = {
		["fov"] = 35.02048,
		["cframe"] = CFrame.new(-3.20149326, 105.29892, -1.08830118, 0.0487451032, 0.422630399, -0.904990315, 0.089463383, 0.900578082, 0.425388634, 0.994796634, -0.101699129, 0.00608885288)
	},

	[124] = {
		["fov"] = 35.06912,
		["cframe"] = CFrame.new(-3.11720276, 105.952606, -1.29950404, 0.0161460768, 0.392308593, -0.91969198, 0.0938916057, 0.91515255, 0.392020583, 0.99545151, -0.0926809609, -0.0220583677)
	},

	[125] = {
		["fov"] = 35.16384,
		["cframe"] = CFrame.new(-3.03291225, 106.606285, -1.51070666, -0.0165977832, 0.361223042, -0.932331741, 0.0971263796, 0.928632796, 0.358060837, 0.995133698, -0.0846109986, -0.0504975319)
	},

	[126] = {
		["fov"] = 35.32,
		["cframe"] = CFrame.new(-2.94862175, 107.259972, -1.72190952, -0.0494142808, 0.329442322, -0.942881882, 0.0991605967, 0.940989077, 0.323584229, 0.993843853, -0.0775070563, -0.0791659951)
	},

	[127] = {
		["fov"] = 35.55296,
		["cframe"] = CFrame.new(-2.86433125, 107.913651, -1.93311214, -0.0822309032, 0.297036648, -0.951318741, 0.0999896899, 0.952193975, 0.288666964, 0.991584659, -0.0713847354, -0.108000398)
	},

	[128] = {
		["fov"] = 35.87808,
		["cframe"] = CFrame.new(-2.77845383, 108.881851, -2.18457222, -0.121682897, 0.256998301, -0.958720565, 0.101797409, 0.964036167, 0.24550283, 0.987335086, -0.0677217469, -0.14346844)
	},

	[129] = {
		["fov"] = 36.31072,
		["cframe"] = CFrame.new(-2.69257736, 109.85006, -2.43603253, -0.161000937, 0.216370955, -0.962944746, 0.101826593, 0.974107921, 0.201854289, 0.981687546, -0.0655546784, -0.178864598)
	},

	[130] = {
		["fov"] = 36.86624,
		["cframe"] = CFrame.new(-2.60669994, 110.818268, -2.68749285, -0.200056359, 0.17528677, -0.963977396, 0.100077055, 0.982376575, 0.157863259, 0.974660218, -0.0648904815, -0.214072883)
	},

	[131] = {
		["fov"] = 37.56,
		["cframe"] = CFrame.new(-2.52082253, 111.786469, -2.93895292, -0.238722637, 0.133879513, -0.961814702, 0.0965545774, 0.988815308, 0.113672957, 0.966275513, -0.065731287, -0.24897927)
	},

	[132] = {
		["fov"] = 38.40736,
		["cframe"] = CFrame.new(-2.43335915, 113.069191, -3.23067069, -0.283477277, 0.0851382166, -0.955192387, 0.0921422988, 0.9938609, 0.0612393096, 0.95454222, -0.0706536695, -0.289581835)
	},

	[133] = {
		["fov"] = 39.42368,
		["cframe"] = CFrame.new(-2.34589577, 114.351921, -3.52238846, -0.32741496, 0.0364487208, -0.94417727, 0.0853025019, 0.996315479, 0.00888085738, 0.941022158, -0.0776329637, -0.329317808)
	},

	[134] = {
		["fov"] = 40.57632,
		["cframe"] = CFrame.new(-2.25843143, 115.634644, -3.81410623, -0.370338172, -0.0119691975, -0.928819835, 0.0760660768, 0.996168017, -0.0431660712, 0.925777256, -0.0866377354, -0.368008554)
	},

	[135] = {
		["fov"] = 41.59264,
		["cframe"] = CFrame.new(-2.17096806, 116.917374, -4.10582399, -0.412052929, -0.0598969869, -0.909189284, 0.0644747317, 0.993418932, -0.0946665481, 0.908876121, -0.0976273343, -0.405479372)
	},

	[136] = {
		["fov"] = 42.44,
		["cframe"] = CFrame.new(-2.08350468, 118.200096, -4.39754152, -0.452370226, -0.107118323, -0.885374069, 0.0505807698, 0.988080919, -0.145388052, 0.890394926, -0.110552087, -0.441560268)
	},

	[137] = {
		["fov"] = 43.13376,
		["cframe"] = CFrame.new(-2.15565491, 118.663963, -4.61776495, -0.470899671, -0.141957313, -0.870690525, 0.0441133678, 0.981944442, -0.183954209, 0.88108331, -0.125033021, -0.456135094)
	},

	[138] = {
		["fov"] = 43.68928,
		["cframe"] = CFrame.new(-2.22780514, 119.127831, -4.8379879, -0.488991439, -0.176258296, -0.854295194, 0.0368407294, 0.974325299, -0.222110257, 0.871510208, -0.140082881, -0.469943225)
	},

	[139] = {
		["fov"] = 44.12192,
		["cframe"] = CFrame.new(-2.29995537, 119.591698, -5.05821133, -0.506611705, -0.209955335, -0.836219728, 0.0287768394, 0.965238154, -0.25978291, 0.861694038, -0.155672789, -0.482959092)
	},

	[140] = {
		["fov"] = 44.44704,
		["cframe"] = CFrame.new(-2.3721056, 120.055565, -5.27843475, -0.523726285, -0.24298355, -0.816498756, 0.0199371502, 0.95470053, -0.296899617, 0.851653576, -0.171772733, -0.495157361)
	},

	[141] = {
		["fov"] = 44.68,
		["cframe"] = CFrame.new(-2.44425583, 120.519432, -5.49865818, -0.540301919, -0.275279343, -0.795170128, 0.0103387386, 0.942732751, -0.333388895, 0.841407955, -0.188351661, -0.506514251)
	},

	[142] = {
		["fov"] = 44.83616,
		["cframe"] = CFrame.new(-2.51640606, 120.983299, -5.71888161, -0.556306899, -0.306780636, -0.772274911, 4.47034836e-08, 0.929357708, -0.369180679, 0.830977023, -0.205377758, -0.517008066)
	},

	[143] = {
		["fov"] = 44.93088,
		["cframe"] = CFrame.new(-3.02475548, 120.376984, -6.09727859, -0.556306899, -0.359825194, -0.749031603, 1.49011612e-08, 0.901386857, -0.433014721, 0.830976903, -0.240889102, -0.501447737)
	},

	[144] = {
		["fov"] = 44.97952,
		["cframe"] = CFrame.new(-3.53310585, 119.77066, -6.47567654, -0.556307197, -0.411122143, -0.722150266, 1.49011612e-08, 0.869037807, -0.494745642, 0.830976784, -0.275230557, -0.483452022)
	},

	[145] = {
		["fov"] = 44.99744,
		["cframe"] = CFrame.new(-4.04145622, 119.164337, -6.85407448, -0.556307197, -0.460422158, -0.691761255, 1.49011612e-08, 0.832467735, -0.554073513, 0.830976605, -0.308235109, -0.463107765)
	},

	[146] = {
		["fov"] = 45,
		["cframe"] = CFrame.new(-4.54980564, 118.558022, -7.23247147, -0.556307316, -0.507485867, -0.65801239, 0, 0.791854262, -0.610710144, 0.830976605, -0.339742512, -0.440514326)
	},

	[147] = {
		["fov"] = 25,
		["cframe"] = CFrame.new(-2.37459564, 151.733673, 5.90876865, 0.900312364, 0.411429256, -0.141999379, 0, 0.326251984, 0.945282876, 0.43524459, -0.85104984, 0.29372862)
	},

	[148] = {
		["fov"] = 25.001009602194788,
		["cframe"] = CFrame.new(-2.27813339, 150.861481, 5.77612782, 0.901142418, 0.407469988, -0.148022383, -4.64320183e-05, 0.341531068, 0.939870477, 0.433523268, -0.846950293, 0.307787061)
	},

	[149] = {
		["fov"] = 25.008076817558297,
		["cframe"] = CFrame.new(-2.18167114, 149.989288, 5.64348602, 0.901969552, 0.403411597, -0.153980657, -6.19590282e-05, 0.356722921, 0.93421036, 0.43179965, -0.842619717, 0.321778208)
	},

	[150] = {
		["fov"] = 25.02725925925926,
		["cframe"] = CFrame.new(-2.08520985, 149.117111, 5.51084423, 0.902793467, 0.399255633, -0.159871772, -4.64767218e-05, 0.371820927, 0.928304553, 0.430074453, -0.838059783, 0.335696012)
	},

	[151] = {
		["fov"] = 25.064614540466394,
		["cframe"] = CFrame.new(-1.9887476, 148.244919, 5.37820339, 0.903613806, 0.395003796, -0.165693402, -1.49011612e-08, 0.386819422, 0.922155619, 0.428348303, -0.833272576, 0.349535316)
	},

	[152] = {
		["fov"] = 25.126200274348424,
		["cframe"] = CFrame.new(-1.95439529, 147.811676, 5.34758377, 0.904955387, 0.388607144, -0.173321411, -0.00021533668, 0.407747746, 0.913094699, 0.425506473, -0.826272666, 0.369077176)
	},

	[153] = {
		["fov"] = 25.218074074074075,
		["cframe"] = CFrame.new(-1.92004204, 147.378433, 5.31696415, 0.906289816, 0.382034421, -0.180799633, -0.000358983874, 0.428464949, 0.903558433, 0.422656685, -0.818820894, 0.388450563)
	},

	[154] = {
		["fov"] = 25.34629355281207,
		["cframe"] = CFrame.new(-1.88568974, 146.94519, 5.28634453, 0.907616377, 0.375289142, -0.188123986, -0.000430881977, 0.448959559, 0.893552005, 0.419800401, -0.810921371, 0.407644749)
	},

	[155] = {
		["fov"] = 25.516916323731138,
		["cframe"] = CFrame.new(-1.85133648, 146.511948, 5.25572491, 0.908934176, 0.368375063, -0.195290759, -0.000430852175, 0.4692204, 0.883081079, 0.416939437, -0.802578449, 0.426649183)
	},

	[156] = {
		["fov"] = 25.736,
		["cframe"] = CFrame.new(-1.81698418, 146.078705, 5.22510529, 0.910242736, 0.361295521, -0.202295959, -0.000359043479, 0.489237577, 0.87215054, 0.414074838, -0.793796062, 0.445454687)
	},

	[157] = {
		["fov"] = 26.00960219478738,
		["cframe"] = CFrame.new(-1.78263092, 145.645462, 5.19448566, 0.911541283, 0.354054511, -0.209136009, -0.000215396285, 0.508999705, 0.860766649, 0.41120851, -0.784579277, 0.464050502)
	},

	[158] = {
		["fov"] = 26.343780521262,
		["cframe"] = CFrame.new(-1.74827862, 145.212219, 5.16386604, 0.912829161, 0.346655905, -0.215807274, 0, 0.528496683, 0.848935485, 0.408341855, -0.77493304, 0.48242712)
	},

	[159] = {
		["fov"] = 26.744592592592593,
		["cframe"] = CFrame.new(-1.69334316, 144.910889, 5.07749462, 0.912632227, 0.344083011, -0.220701963, -0.000131860375, 0.54014945, 0.841569245, 0.408781677, -0.768014133, 0.49300313)
	},

	[160] = {
		["fov"] = 27.218096021947872,
		["cframe"] = CFrame.new(-1.63840675, 144.609543, 4.9911232, 0.912435889, 0.341442764, -0.225560695, -0.000270292163, 0.551699698, 0.834042847, 0.409219652, -0.760949671, 0.503482878)
	},

	[161] = {
		["fov"] = 27.77034842249657,
		["cframe"] = CFrame.new(-1.5834713, 144.308212, 4.90475178, 0.912240088, 0.338735789, -0.230382517, -0.000415354967, 0.563144803, 0.826358199, 0.409655809, -0.753741384, 0.513863981)
	},

	[162] = {
		["fov"] = 28.40740740740741,
		["cframe"] = CFrame.new(-1.52853584, 144.006882, 4.81838036, 0.912044942, 0.335962415, -0.23516652, -0.000566974282, 0.574483097, 0.818516314, 0.41008988, -0.746390283, 0.524144888)
	},

	[163] = {
		["fov"] = 29.135330589849108,
		["cframe"] = CFrame.new(-1.47360039, 143.705551, 4.73200893, 0.911850393, 0.333123326, -0.239911795, -0.000725135207, 0.585711896, 0.81051898, 0.410521984, -0.738898158, 0.534323215)
	},

	[164] = {
		["fov"] = 29.9601755829904,
		["cframe"] = CFrame.new(-1.41866398, 143.404205, 4.64563751, 0.911656559, 0.33021903, -0.244617611, -0.000889822841, 0.596829355, 0.802367806, 0.410952061, -0.73126626, 0.544397235)
	},

	[165] = {
		["fov"] = 30.888,
		["cframe"] = CFrame.new(-1.36372852, 143.102875, 4.55926609, 0.911463439, 0.327249944, -0.249282703, -0.00106097758, 0.607833385, 0.794063926, 0.411379695, -0.723495722, 0.554365098)
	},

	[166] = {
		["fov"] = 31.92486145404664,
		["cframe"] = CFrame.new(-1.34644508, 143.008942, 4.53533459, 0.911569893, 0.32523936, -0.251514763, -0.000977754593, 0.613455117, 0.789728999, 0.411143988, -0.719647288, 0.559525251)
	},

	[167] = {
		["fov"] = 33.07681755829904,
		["cframe"] = CFrame.new(-1.32916164, 142.915024, 4.51140213, 0.911676049, 0.323212743, -0.253732771, -0.000892654061, 0.619046688, 0.785353661, 0.410908729, -0.715761662, 0.564658523)
	},

	[168] = {
		["fov"] = 34.34992592592593,
		["cframe"] = CFrame.new(-1.31187725, 142.821091, 4.48746967, 0.911781907, 0.321170241, -0.255936414, -0.000805735588, 0.624607265, 0.780938685, 0.410674006, -0.711839497, 0.569764376)
	},

	[169] = {
		["fov"] = 35.750244170096025,
		["cframe"] = CFrame.new(-1.29459381, 142.727158, 4.46353817, 0.911887467, 0.319111943, -0.258125573, -0.000717014074, 0.630136788, 0.776483774, 0.4104397, -0.707880735, 0.574842691)
	},

	[170] = {
		["fov"] = 37.249755829903975,
		["cframe"] = CFrame.new(-1.27731037, 142.63324, 4.43960667, 0.911992669, 0.317038208, -0.260300249, -0.000626415014, 0.635634482, 0.771989942, 0.410206109, -0.703886151, 0.579892576)
	},

	[171] = {
		["fov"] = 38.65007407407408,
		["cframe"] = CFrame.new(-1.26002693, 142.539307, 4.41567421, 0.912097514, 0.314949095, -0.262460113, -0.000534012914, 0.641100109, 0.767457247, 0.409973085, -0.699855685, 0.584913969)
	},

	[172] = {
		["fov"] = 39.92318244170096,
		["cframe"] = CFrame.new(-1.24274349, 142.445374, 4.39174175, 0.91220206, 0.312844515, -0.264604867, -0.000439867377, 0.64653343, 0.762885511, 0.409740448, -0.695789397, 0.589906693)
	},

	[173] = {
		["fov"] = 41.07513854595336,
		["cframe"] = CFrame.new(-1.2254591, 142.35144, 4.36781025, 0.91230619, 0.310725003, -0.2667346, -0.000343829393, 0.65193367, 0.758276045, 0.409508586, -0.69168824, 0.594869971)
	},

	[174] = {
		["fov"] = 42.111999999999995,
		["cframe"] = CFrame.new(-1.20817566, 142.257523, 4.34387875, 0.912410021, 0.308590472, -0.268849075, -0.000246033072, 0.657300711, 0.753628373, 0.40927726, -0.687551975, 0.599803686)
	},

	[175] = {
		["fov"] = 43.0398244170096,
		["cframe"] = CFrame.new(-1.19089222, 142.163589, 4.31994629, 0.912513494, 0.306441188, -0.270948052, -0.000146448612, 0.662634075, 0.748943269, 0.409046471, -0.68338114, 0.604707479)
	},

	[176] = {
		["fov"] = 43.864669410150896,
		["cframe"] = CFrame.new(-1.18949986, 142.157791, 4.31614304, 0.91239655, 0.306479126, -0.271298856, -0.000138014555, 0.663054585, 0.748571098, 0.409307331, -0.682956278, 0.605010986)
	},

	[177] = {
		["fov"] = 44.592592592592595,
		["cframe"] = CFrame.new(-1.18810749, 142.152008, 4.31233883, 0.912279606, 0.306516767, -0.271649569, -0.000129744411, 0.663474858, 0.748198628, 0.409568101, -0.682531118, 0.605314255)
	},

	[178] = {
