return {
	[1] = {
		["fov"] = 40,
		["cframe"] = CFrame.new(0.629366875, 2.96387482, -0.0870008469, 0.992528915, -0.121901974, 0.00512672216, 8.08313489e-05, 0.0426759049, 0.999089003, -0.122009702, -0.991624355, 0.0423669219)
	},

	[2] = {
		["fov"] = 40,
		["cframe"] = CFrame.new(0.643166542, 2.96387482, -0.088530302, 0.992817938, -0.119528905, 0.00503457338, 8.98167491e-05, 0.0428275354, 0.999082446, -0.119634852, -0.991906524, 0.0425306819)
	},

	[3] = {
		["fov"] = 40,
		["cframe"] = CFrame.new(0.656966209, 2.96387482, -0.0900597572, 0.993101299, -0.117155194, 0.00494204834, 9.84407961e-05, 0.0429792516, 0.999075949, -0.117259338, -0.992183149, 0.0426942855)
	},

	[4] = {
		["fov"] = 40,
		["cframe"] = CFrame.new(0.670765877, 2.96387482, -0.0915892124, 0.993378997, -0.114780821, 0.00484911725, 0.000106699765, 0.0431308672, 0.999069512, -0.114883155, -0.992454112, 0.0428575464)
	},

	[5] = {
		["fov"] = 40,
		["cframe"] = CFrame.new(0.684565544, 2.96387482, -0.0931186676, 0.993651032, -0.112405792, 0.004755795, 0.000114593655, 0.043282561, 0.999062836, -0.1125063, -0.992719233, 0.0430206433)
	},

	[6] = {
		["fov"] = 40,
		["cframe"] = CFrame.new(0.698365211, 2.96387482, -0.0946481228, 0.993917286, -0.110030174, 0.00466208905, 0.000122129917, 0.043434158, 0.999056399, -0.110128835, -0.992978871, 0.0431833975)
	},

	[7] = {
		["fov"] = 40,
		["cframe"] = CFrame.new(0.712164879, 2.96387482, -0.096177578, 0.994177938, -0.107653894, 0.00456799567, 0.000129297376, 0.043586012, 0.999049664, -0.107750691, -0.993232489, 0.0433461703)
	},

	[8] = {
		["fov"] = 40,
		["cframe"] = CFrame.new(0.725964546, 2.96387482, -0.0977070332, 0.994432867, -0.105277061, 0.00447349623, 0.000136118382, 0.0437376425, 0.999043107, -0.105371967, -0.993480682, 0.0435084775)
	},

	[9] = {
		["fov"] = 40,
		["cframe"] = CFrame.new(0.739764214, 2.96387482, -0.0992364883, 0.994682074, -0.102899581, 0.00437862799, 0.000142555684, 0.0438894741, 0.999036372, -0.102992609, -0.993722975, 0.0436707437)
	},

	[10] = {
		["fov"] = 40,
		["cframe"] = CFrame.new(0.753563881, 2.96387482, -0.100765944, 0.994925678, -0.100521564, 0.00428336486, 0.000148642808, 0.0440411977, 0.999029756, -0.10061267, -0.993959665, 0.0438326597)
	},

	[11] = {
		["fov"] = 40,
		["cframe"] = CFrame.new(0.767363548, 2.96387482, -0.10229516, 0.99516356, -0.0981429815, 0.00418771058, 0.000154357404, 0.0441928208, 0.99902308, -0.098232165, -0.994190693, 0.043994233)
	},

	[12] = {
		["fov"] = 40,
		["cframe"] = CFrame.new(0.781163216, 2.96387482, -0.103824615, 0.99539572, -0.0957638472, 0.00409167632, 0.000159714371, 0.0443447568, 0.999016285, -0.0958510935, -0.994415879, 0.0441558734)
	},

	[13] = {
		["fov"] = 40,
		["cframe"] = CFrame.new(0.794962883, 2.96387482, -0.105354071, 0.995622158, -0.0933841914, 0.00399524346, 0.000164698809, 0.04449635, 0.999009609, -0.0934694707, -0.994635463, 0.0443169288)
	},

	[14] = {
		["fov"] = 40,
		["cframe"] = CFrame.new(0.80876255, 2.96387482, -0.106883526, 0.995842874, -0.091004014, 0.00389844179, 0.00016932562, 0.0446481965, 0.999002814, -0.0910873115, -0.994849205, 0.0444779955)
	},

	[15] = {
		["fov"] = 40,
		["cframe"] = CFrame.new(0.822562218, 2.96387482, -0.108412981, 0.996057928, -0.0886233151, 0.00380125269, 0.000173591077, 0.0448001735, 0.998996019, -0.0887046307, -0.995057225, 0.0446389541)
	},

	[16] = {
		["fov"] = 40,
		["cframe"] = CFrame.new(0.836361885, 2.96387482, -0.109942436, 0.996267319, -0.0862421393, 0.00370365381, 0.000177498907, 0.044951804, 0.998989224, -0.0863214433, -0.995259643, 0.0447993241)
	},

	[17] = {
		["fov"] = 40,
		["cframe"] = CFrame.new(0.850161552, 2.96387482, -0.111471891, 0.996470988, -0.0838604644, 0.00360570103, 0.000181026757, 0.0451037511, 0.99898237, -0.0839377493, -0.995456278, 0.0449597575)
	},

	[18] = {
		["fov"] = 40,
		["cframe"] = CFrame.new(0.86396122, 2.96387482, -0.113001347, 0.996668935, -0.0814783275, 0.00350735337, 0.000184208155, 0.0452557057, 0.998975396, -0.0815535709, -0.995647073, 0.0451199636)
	},

	[19] = {
		["fov"] = 40,
		["cframe"] = CFrame.new(0.877760887, 2.96387482, -0.114530802, 0.99686116, -0.0790957659, 0.00340862945, 0.000187017024, 0.0454073735, 0.998968601, -0.0791689605, -0.995832443, 0.0452796407)
	},

	[20] = {
		["fov"] = 40,
		["cframe"] = CFrame.new(0.891560555, 2.96387482, -0.116060257, 0.997047722, -0.0767127275, 0.00330951065, 0.000189460814, 0.0455593504, 0.998961568, -0.0767838508, -0.996011734, 0.0454393812)
	},

	[21] = {
		["fov"] = 40,
		["cframe"] = CFrame.new(0.905360222, 2.96387482, -0.117589712, 0.997228563, -0.0743293017, 0.00321001932, 0.000191535801, 0.0457109772, 0.998954773, -0.0743983388, -0.99618566, 0.045598533)
	},

	[22] = {
		["fov"] = 40,
		["cframe"] = CFrame.new(0.919159889, 2.96387482, -0.119119167, 0.997403741, -0.0719454437, 0.00311015174, 0.000193264335, 0.0458630361, 0.99894768, -0.0720123798, -0.996353567, 0.0457578674)
	},

	[23] = {
		["fov"] = 40,
		["cframe"] = CFrame.new(0.932959557, 2.96387482, -0.120648623, 0.997573137, -0.0695612058, 0.00300989673, 0.000194609165, 0.0460146815, 0.998940825, -0.0696260184, -0.996515989, 0.0459165499)
	},

	[24] = {
		["fov"] = 40,
		["cframe"] = CFrame.new(0.946759224, 2.96387482, -0.122178078, 0.997736871, -0.0671765655, 0.00290926546, 0.000195603818, 0.0461666957, 0.998933733, -0.0672392473, -0.996672451, 0.0460753553)
	},

	[25] = {
		["fov"] = 40,
		["cframe"] = CFrame.new(0.960558891, 2.96387482, -0.123707533, 0.997894883, -0.0647915751, 0.00280825049, 0.000196237117, 0.0463186018, 0.998926759, -0.0648521036, -0.996823311, 0.0462338068)
	},

	[26] = {
		["fov"] = 40,
		["cframe"] = CFrame.new(0.974358559, 2.96387482, -0.125236988, 0.998047173, -0.0624062084, 0.0027068574, 0.000196497887, 0.0464704521, 0.998919666, -0.0624645799, -0.996968448, 0.046391964)
	},

	[27] = {
		["fov"] = 40,
		["cframe"] = CFrame.new(0.988158226, 2.96387482, -0.126766443, 0.998193741, -0.0600205176, 0.00260508247, 0.000196393579, 0.046622131, 0.998912632, -0.0600767061, -0.997107804, 0.0465497077)
	},

	[28] = {
		["fov"] = 40,
		["cframe"] = CFrame.new(1.00195789, 2.96387482, -0.128295898, 0.998334587, -0.0576344952, 0.00250293873, 0.000195931643, 0.0467740558, 0.99890554, -0.0576884821, -0.997241497, 0.0467074513)
	},

	[29] = {
		["fov"] = 40,
		["cframe"] = CFrame.new(1.01575661, 2.96387482, -0.129825354, 0.99846977, -0.055248145, 0.00240041316, 0.000195108354, 0.0469260477, 0.998898268, -0.0552999228, -0.997369289, 0.0468650199)
	},

	[30] = {
		["fov"] = 40,
		["cframe"] = CFrame.new(1.02955627, 2.96387482, -0.13135457, 0.998599231, -0.0528615043, 0.00229751505, 0.000193916261, 0.0470779277, 0.998891175, -0.0529110506, -0.997491539, 0.0470222309)
	},

	[31] = {
		["fov"] = 40,
		["cframe"] = CFrame.new(1.04335594, 2.96387482, -0.132884026, 0.99872297, -0.0504745916, 0.00219423324, 0.000192364678, 0.0472296886, 0.998884022, -0.0505218953, -0.997608006, 0.0471790843)
	},

	[32] = {
		["fov"] = 40,
		["cframe"] = CFrame.new(1.05715561, 2.96387482, -0.134413481, 0.998840928, -0.0480873846, 0.00209058076, 0.00019043684, 0.0473814011, 0.998876929, -0.0481324308, -0.997718811, 0.0473356396)
	},

	[33] = {
		["fov"] = 40,
		["cframe"] = CFrame.new(1.07095528, 2.96387482, -0.135942936, 0.998953223, -0.0456999242, 0.00198655576, 0.000188160688, 0.0475334153, 0.998869598, -0.0457426943, -0.997823656, 0.0474922583)
	},

	[34] = {
		["fov"] = 40,
		["cframe"] = CFrame.new(1.08475494, 2.96387482, -0.137472391, 0.999059796, -0.0433122218, 0.00188215263, 0.000185513869, 0.0476851948, 0.998862445, -0.0433527008, -0.997922957, 0.0476483963)
	},

	[35] = {
		["fov"] = 40,
		["cframe"] = CFrame.new(1.09855461, 2.96387482, -0.139001846, 0.999160647, -0.0409242883, 0.00177737698, 0.000182503834, 0.0478368625, 0.998855233, -0.0409624577, -0.998016596, 0.0478041768)
	},

	[36] = {
		["fov"] = 40,
		["cframe"] = CFrame.new(1.11235428, 2.96387482, -0.140531301, 0.999255836, -0.0385361277, 0.00167223252, 0.000179130584, 0.0479887091, 0.998847961, -0.0385719761, -0.998104334, 0.0479598977)
	},

	[37] = {
		["fov"] = 40,
		["cframe"] = CFrame.new(1.12615395, 2.96387482, -0.142060757, 0.999345243, -0.0361477733, 0.00156671181, 0.000175394118, 0.0481405035, 0.99884063, -0.036181286, -0.99818629, 0.0481153205)
	},

	[38] = {
		["fov"] = 40,
		["cframe"] = CFrame.new(1.13995361, 2.96387482, -0.143590212, 0.999428928, -0.033759214, 0.00146082044, 0.000171290711, 0.0482922979, 0.998833239, -0.0337903723, -0.998262584, 0.0482705049)
	},

	[39] = {
		["fov"] = 40,
		["cframe"] = CFrame.new(1.15375328, 2.96387482, -0.145119667, 0.999506891, -0.0313704908, 0.00135456212, 0.000166831538, 0.0484441593, 0.998825908, -0.0313992798, -0.998333216, 0.0484255068)
	},

	[40] = {
		["fov"] = 40,
		["cframe"] = CFrame.new(1.16755295, 2.96387482, -0.146649122, 0.999579191, -0.0289816037, 0.00124792662, 0.000162002631, 0.0485957824, 0.998818636, -0.0290080048, -0.998398066, 0.0485800281)
	},

	[41] = {
		["fov"] = 40,
		["cframe"] = CFrame.new(1.18135262, 2.96387482, -0.148178577, 0.99964571, -0.0265925601, 0.00114092603, 0.000156813301, 0.0487477705, 0.998811126, -0.0266165603, -0.998457074, 0.0487346686)
	},

	[42] = {
		["fov"] = 40,
		["cframe"] = CFrame.new(1.19515228, 2.96387482, -0.149708033, 0.999706507, -0.0242033862, 0.00103355385, 0.000151258893, 0.048899401, 0.998803735, -0.0242249705, -0.99851048, 0.0488887094)
	},

	[43] = {
		["fov"] = 40,
		["cframe"] = CFrame.new(1.20895195, 2.96387482, -0.151237488, 0.999761641, -0.0218140911, 0.000925814733, 0.000145342201, 0.0490511507, 0.998796284, -0.0218332447, -0.998558104, 0.0490426309)
	},

	[44] = {
		["fov"] = 40,
		["cframe"] = CFrame.new(1.22275162, 2.96387482, -0.152766943, 0.999810994, -0.0194246732, 0.000817704014, 0.000139061362, 0.0492027886, 0.998788834, -0.0194413811, -0.998599887, 0.0491961911)
	},

	[45] = {
		["fov"] = 40,
		["cframe"] = CFrame.new(1.23655128, 2.96387482, -0.154296398, 0.999854624, -0.017035177, 0.00070923008, 0.000132417306, 0.0493544266, 0.998781383, -0.0170494206, -0.998636067, 0.0493495092)
	},

	[46] = {
		["fov"] = 40,
		["cframe"] = CFrame.new(1.25035095, 2.96387482, -0.155825853, 0.999892592, -0.0146455923, 0.000600389671, 0.000125408173, 0.0495061278, 0.998773932, -0.0146573577, -0.998666525, 0.0495026447)
	},

	[47] = {
		["fov"] = 40,
		["cframe"] = CFrame.new(1.26415062, 2.96387482, -0.157355309, 0.999924779, -0.0122559369, 0.000491181854, 0.00011803722, 0.0496578887, 0.998766303, -0.0122652072, -0.998691082, 0.0496556014)
	},

	[48] = {
		["fov"] = 40,
		["cframe"] = CFrame.new(1.27795029, 2.96387482, -0.158884764, 0.999951243, -0.00986623485, 0.000381610356, 0.000110303052, 0.0498097129, 0.998758733, -0.00987299625, -0.998709977, 0.0498083755)
	},

	[49] = {
		["fov"] = 40,
		["cframe"] = CFrame.new(1.29174995, 2.96387482, -0.160414219, 0.999972045, -0.00747649418, 0.000271669356, 0.000102207065, 0.049961064, 0.998751283, -0.0074807303, -0.998723269, 0.0499604307)
	},

	[50] = {
		["fov"] = 40,
		["cframe"] = CFrame.new(1.30554962, 2.96387482, -0.161943674, 0.999987066, -0.00508672558, 0.000161369098, 9.37448349e-05, 0.0501127727, 0.998743594, -0.00508842058, -0.9987306, 0.0501126014)
	},

	[51] = {
		["fov"] = 40,
		["cframe"] = CFrame.new(1.31934929, 2.96387482, -0.163472891, 0.999996364, -0.00269693625, 5.07024815e-05, 8.49217176e-05, 0.050264366, 0.998736024, -0.00269607548, -0.998732328, 0.0502644107)
	},

	[52] = {
		["fov"] = 40,
		["cframe"] = CFrame.new(1.33314896, 2.96387482, -0.165002346, 0.99999994, -0.000307157519, -6.03261797e-05, 7.57350863e-05, 0.05041584, 0.998728335, -0.000303725508, -0.998728335, 0.0504158586)
	},

	[53] = {
		["fov"] = 40,
		["cframe"] = CFrame.new(1.34694862, 2.96387482, -0.166531801, 0.999997854, 0.00208260585, -0.000171717315, 6.61856029e-05, 0.0505673736, 0.998720765, 0.00208862475, -0.998718619, 0.0505671278)
	},

	[54] = {
		["fov"] = 40,
		["cframe"] = CFrame.new(1.36074829, 2.96387482, -0.168061256, 0.999989927, 0.00447233953, -0.000283469446, 5.62728383e-05, 0.050718911, 0.998713017, 0.00448096078, -0.998703003, 0.050718151)
	},

	[55] = {
		["fov"] = 40,
		["cframe"] = CFrame.new(1.37454796, 2.96387482, -0.169590712, 0.999976397, 0.00686204061, -0.000395583455, 4.59975563e-05, 0.0508703329, 0.998705328, 0.00687327934, -0.998681724, 0.0508688167)
	},

	[56] = {
		["fov"] = 40.00000053328391,
		["cframe"] = CFrame.new(1.38834763, 2.96387482, -0.171120167, 0.999957085, 0.0092516765, -0.000508056954, 3.53590585e-05, 0.0510218143, 0.998697579, 0.00926554855, -0.998654783, 0.0510192998)
	},

	[57] = {
		["fov"] = 40.00001706508522,
		["cframe"] = CFrame.new(1.40214729, 2.96387482, -0.172649622, 0.999932051, 0.0116412435, -0.000620889943, 2.43578106e-05, 0.0511731803, 0.99868989, 0.0116577633, -0.99862206, 0.0511694215)
	},

	[58] = {
		["fov"] = 40.00012958799084,
		["cframe"] = CFrame.new(1.41594696, 2.96387482, -0.174179077, 0.999901295, 0.0140307229, -0.000734083354, 1.29933469e-05, 0.0513247252, 0.998682082, 0.0140499081, -0.998583496, 0.0513194799)
	},

	[59] = {
		["fov"] = 40.000546082726835,
		["cframe"] = CFrame.new(1.42974663, 2.96387482, -0.175708532, 0.999864817, 0.0164201148, -0.000847633462, 1.2665987e-06, 0.0514760949, 0.998674154, 0.0164419785, -0.998539209, 0.0514691174)
	},

	[60] = {
		["fov"] = 40.00166651222789,
		["cframe"] = CFrame.new(1.4435463, 2.96387482, -0.177237988, 0.999822557, 0.0188093856, -0.000961541606, -1.08232016e-05, 0.0516274497, 0.998666406, 0.0188339464, -0.998489201, 0.0516184904)
	},

	[61] = {
		["fov"] = 40.00414681570691,
		["cframe"] = CFrame.new(1.42611313, 2.96387482, -0.177237988, 0.999602795, 0.0281669088, -0.000961541198, -0.000494051725, 0.051624842, 0.998666525, 0.0281789862, -0.99826932, 0.0516182482)
	},

	[62] = {
		["fov"] = 40.00896290272454,
		["cframe"] = CFrame.new(1.40867996, 2.96387482, -0.177238226, 0.999295294, 0.0375223607, -0.000961540267, -0.000977260992, 0.0516179986, 0.998666465, 0.0375219584, -0.997961819, 0.0516182929)
	},

	[63] = {
		["fov"] = 40.017474647258744,
		["cframe"] = CFrame.new(1.3912468, 2.96387482, -0.177238226, 0.998900294, 0.0468745381, -0.000961538404, -0.00146038458, 0.0516065396, 0.998666465, 0.0468616486, -0.997566879, 0.0516182445)
	},

	[64] = {
		["fov"] = 40.03148988177434,
		["cframe"] = CFrame.new(1.37381363, 2.96387482, -0.177238226, 0.998417854, 0.0562221892, -0.00096154213, -0.00194336474, 0.0515906736, 0.998666525, 0.05619682, -0.997084618, 0.0516183078)
	},

	[65] = {
		["fov"] = 40.05332839129255,
		["cframe"] = CFrame.new(1.35732651, 2.96387482, -0.177238226, 0.99882102, 0.0485351309, -0.000961540267, -0.00154617615, 0.0516040213, 0.998666465, 0.0485200286, -0.997487605, 0.0516182221)
	},

	[66] = {
		["fov"] = 40.08588590746057,
		["cframe"] = CFrame.new(1.34084034, 2.96387482, -0.177238226, 0.999165058, 0.0408449732, -0.00096154213, -0.00114889443, 0.0516144447, 0.998666525, 0.040840134, -0.997831583, 0.0516182743)
	},

	[67] = {
		["fov"] = 40.13269810262109,
		["cframe"] = CFrame.new(1.32435417, 2.96387482, -0.177238226, 0.999449849, 0.0331523865, -0.000961543992, -0.000751538202, 0.0516216271, 0.998666584, 0.0331578106, -0.998116434, 0.0516181439)
	},

	[68] = {
		["fov"] = 40.19800458388187,
		["cframe"] = CFrame.new(1.30786705, 2.96387482, -0.177238226, 0.999675393, 0.0254580658, -0.000961548649, -0.000354155898, 0.05162628, 0.998666525, 0.0254737549, -0.998342037, 0.0516185388)
	},

	[69] = {
		["fov"] = 40.28681288718528,
		["cframe"] = CFrame.new(1.29232788, 2.96387482, -0.177238226, 0.999999285, 0.000706640363, -0.000961550453, 0.000923792657, 0.0516190417, 0.998666525, 0.000755332352, -0.998666644, 0.0516183525)
	},

	[70] = {
		["fov"] = 40.40496247137785,
		["cframe"] = CFrame.new(1.27678967, 2.96387482, -0.177238226, 0.999710321, -0.0240490083, -0.000961553305, 0.00220136717, 0.0515804403, 0.998666406, -0.0239673387, -0.99837923, 0.0516184419)
	},

	[71] = {
		["fov"] = 40.559188712279834,
		["cframe"] = CFrame.new(1.2612505, 2.96387482, -0.177238226, 0.998808801, -0.0487861261, -0.000961553305, 0.00347740017, 0.0515101552, 0.998666465, -0.0486715361, -0.997480214, 0.0516184419)
	},

	[72] = {
		["fov"] = 40.757186896754746,
		["cframe"] = CFrame.new(1.23173141, 2.96387482, -0.152868748, 0.998503327, -0.0546819344, -0.000961558893, 0.00378143601, 0.051488705, 0.998666346, -0.0545595065, -0.997175395, 0.0516184233)
	},

	[73] = {
		["fov"] = 41.007676216778925,
		["cframe"] = CFrame.new(1.20221138, 2.96387482, -0.128499269, 0.998163104, -0.060575936, -0.000961551443, 0.00408535078, 0.0514655262, 0.998666465, -0.0604456663, -0.996836007, 0.0516184643)
	},

	[74] = {
		["fov"] = 41.320463763511064,
		["cframe"] = CFrame.new(1.1726923, 2.96387482, -0.104129791, 0.997788072, -0.0664678216, -0.000961553305, 0.00438912399, 0.0514405668, 0.998666465, -0.0663297176, -0.996461689, 0.0516185202)
	},

	[75] = {
		["fov"] = 41.70650852136179,
		["cframe"] = CFrame.new(1.14317322, 2.96387482, -0.079760313, 0.99737829, -0.0723572969, -0.00096154958, 0.00469273701, 0.0514137745, 0.998666465, -0.0722113624, -0.996052802, 0.0516185388)
	},

	[76] = {
		["fov"] = 42.17798536206319,
		["cframe"] = CFrame.new(1.09967327, 2.96387482, -0.0310213566, 0.99823153, -0.0594387241, -0.000961557031, 0.00402671471, 0.0514700115, 0.998666584, -0.0593099669, -0.996904314, 0.0516183302)
	},

	[77] = {
		["fov"] = 42.748349038738375,
		["cframe"] = CFrame.new(1.05617428, 2.96387482, 0.0177178383, 0.99891746, -0.0465085581, -0.000961557031, 0.00335993618, 0.0515178293, 0.998666465, -0.0463969968, -0.997588575, 0.0516183227)
	},

	[78] = {
		["fov"] = 43.43239817997104,
		["cframe"] = CFrame.new(1.01267433, 2.96387482, 0.0664567947, 0.999435902, -0.0335700475, -0.000961558893, 0.00269256998, 0.0515569896, 0.998666465, -0.0334757045, -0.998105705, 0.0516182967)
	},

	[79] = {
		["fov"] = 44.246339283874974,
		["cframe"] = CFrame.new(0.969175339, 2.96387482, 0.11519599, 0.999786794, -0.0206264518, -0.000961559825, 0.00202477537, 0.0515874848, 0.998666406, -0.020549342, -0.998455405, 0.0516182519)
	},

	[80] = {
		["fov"] = 45.20785071216367,
		["cframe"] = CFrame.new(0.925675392, 2.96387482, 0.163934946, 0.999970019, -0.00768103125, -0.000961557962, 0.0013567307, 0.0516094677, 0.998666525, -0.00762116257, -0.998637915, 0.0516183451)
	},

	[81] = {
		["fov"] = 46.336146684219834,
		["cframe"] = CFrame.new(0.903051376, 2.95721436, 0.178478956, 0.999998808, -0.00120738475, -0.000961557846, 0.00102259847, 0.0516170375, 0.998666465, -0.00115614187, -0.998666227, 0.051618211)
	},

	[82] = {
		["fov"] = 47.652041271164954,
		["cframe"] = CFrame.new(0.880427361, 2.95054626, 0.193022966, 0.999985635, 0.00526658446, -0.000961557496, 0.000688410131, 0.0516225919, 0.998666584, 0.00530919898, -0.998652875, 0.0516182296)
	},

	[83] = {
		["fov"] = 49.17801238992884,
		["cframe"] = CFrame.new(0.857803345, 2.94387817, 0.207566977, 0.99993062, 0.0117404666, -0.000961556565, 0.0003541857, 0.0516259596, 0.998666465, 0.0117744505, -0.998597562, 0.0516182221)
	},

	[84] = {
		["fov"] = 50.938265797319175,
		["cframe"] = CFrame.new(0.835178375, 2.93721771, 0.222111464, 0.999833643, 0.0182138607, -0.000961557962, 1.99461356e-05, 0.0516272001, 0.998666525, 0.0182392113, -0.998500466, 0.0516182482)
	},

	[85] = {
		["fov"] = 52.958799084091105,
		["cframe"] = CFrame.new(0.812554359, 2.93055725, 0.236655474, 0.999694824, 0.0246863496, -0.000961558893, -0.000314287841, 0.0516263694, 0.998666465, 0.0247030705, -0.998361409, 0.0516183712)
	},

	[86] = {
		["fov"] = 55.2674656690167,
		["cframe"] = CFrame.new(0.789930344, 2.92388916, 0.251199484, 0.999513984, 0.0311575346, -0.000961557962, -0.00064849481, 0.0516232438, 0.998666465, 0.0311656222, -0.998180568, 0.05161836)
	},

	[87] = {
		["fov"] = 57.89403879295461,
		["cframe"] = CFrame.new(0.788593292, 2.91369629, 0.236172438, 0.999513984, 0.0311575346, -0.000961556099, -0.000648493879, 0.0516232438, 0.998666406, 0.0311656222, -0.998180509, 0.05161836)
	},

	[88] = {
		["fov"] = 60.870275512919555,
		["cframe"] = CFrame.new(0.787256241, 2.90350342, 0.221145391, 0.999513984, 0.0311575383, -0.000961557962, -0.000648495741, 0.0516232438, 0.998666465, 0.0311656259, -0.998180568, 0.05161836)
	},

	[89] = {
		["fov"] = 64.12972448708045,
		["cframe"] = CFrame.new(0.785919189, 2.89331055, 0.206118345, 0.999513984, 0.0311575346, -0.000961556099, -0.00064849481, 0.0516232438, 0.998666406, 0.0311656222, -0.998180509, 0.05161836)
	},

	[90] = {
		["fov"] = 67.10596120704538,
		["cframe"] = CFrame.new(0.784581184, 2.88311768, 0.191091299, 0.999513984, 0.0311575346, -0.000961555168, -0.000648493879, 0.051623065, 0.998666465, 0.031165624, -0.998180568, 0.0516181812)
	},

	[91] = {
		["fov"] = 69.7325343309833,
		["cframe"] = CFrame.new(0.783244133, 2.8729248, 0.176064253, 0.999513984, 0.0311575383, -0.000961557962, -0.000648495741, 0.0516232438, 0.998666465, 0.0311656259, -0.998180568, 0.05161836)
	},

	[92] = {
		["fov"] = 72.0412009159089,
		["cframe"] = CFrame.new(0.781907082, 2.86273193, 0.161037207, 0.999513984, 0.0311575346, -0.000961556099, -0.00064849481, 0.0516232438, 0.998666406, 0.0311656222, -0.998180509, 0.05161836)
	},

	[93] = {
		["fov"] = 74.06173420268081,
		["cframe"] = CFrame.new(0.78057003, 2.85254669, 0.14601016, 0.999513984, 0.0311575346, -0.000961556099, -0.00064849481, 0.0516232438, 0.998666406, 0.0311656222, -0.998180509, 0.05161836)
	},

	[94] = {
		["fov"] = 75.82198761007116,
		["cframe"] = CFrame.new(0.779232979, 2.84235382, 0.130983114, 0.999513984, 0.0311575346, -0.000961556099, -0.00064849481, 0.0516232438, 0.998666406, 0.0311656222, -0.998180509, 0.05161836)
	},

	[95] = {
		["fov"] = 77.34795872883504,
		["cframe"] = CFrame.new(0.777894974, 2.83216095, 0.115956068, 0.999513984, 0.0311575346, -0.000961556099, -0.00064849481, 0.0516232438, 0.998666406, 0.0311656222, -0.998180509, 0.05161836)
	},

	[96] = {
		["fov"] = 78.66385331578016,
		["cframe"] = CFrame.new(0.776557922, 2.82196808, 0.100929022, 0.999513984, 0.0311575346, -0.000961556099, -0.00064849481, 0.0516232438, 0.998666406, 0.0311656222, -0.998180509, 0.05161836)
	},

	[97] = {
		["fov"] = 79.79214928783634,
		["cframe"] = CFrame.new(0.775220871, 2.81177521, 0.0859019756, 0.999513984, 0.0311575346, -0.000961556099, -0.00064849481, 0.0516232438, 0.998666406, 0.0311656222, -0.998180509, 0.05161836)
	},

	[98] = {
		["fov"] = 80.75366071612503,
		["cframe"] = CFrame.new(0.77388382, 2.80158234, 0.0708749294, 0.999513984, 0.0311575346, -0.000961556099, -0.00064849481, 0.0516232438, 0.998666406, 0.0311656222, -0.998180509, 0.05161836)
	},

	[99] = {
		["fov"] = 81.56760182002895,
		["cframe"] = CFrame.new(0.767998695, 2.79421234, 0.0655081272, 0.999513984, 0.0311575346, -0.000961555168, -0.000648493879, 0.051623065, 0.998666465, 0.031165624, -0.998180568, 0.0516181812)
	},

	[100] = {
		["fov"] = 82.25165096126162,
		["cframe"] = CFrame.new(0.762113571, 2.78683472, 0.060141325, 0.999513984, 0.0311575346, -0.000961556099, -0.000648493879, 0.0516232438, 0.998666406, 0.0311656222, -0.998180509, 0.05161836)
	},

	[101] = {
		["fov"] = 82.8220146379368,
		["cframe"] = CFrame.new(0.756227493, 2.77946472, 0.0547745228, 0.999513984, 0.0311575346, -0.000961555168, -0.000648493879, 0.051623065, 0.998666465, 0.031165624, -0.998180568, 0.0516181812)
	},

	[102] = {
		["fov"] = 83.2934914786382,
		["cframe"] = CFrame.new(0.750342369, 2.7720871, 0.0494077206, 0.999513984, 0.0311575364, -0.000961556099, -0.000648496673, 0.0516232438, 0.998666465, 0.0311656222, -0.998180568, 0.05161836)
	},

	[103] = {
		["fov"] = 83.67953623648893,
		["cframe"] = CFrame.new(0.744457245, 2.7647171, 0.0440409184, 0.999513984, 0.0311575346, -0.000961556099, -0.00064849481, 0.0516232438, 0.998666406, 0.0311656222, -0.998180509, 0.05161836)
	},

	[104] = {
		["fov"] = 83.99232378322108,
		["cframe"] = CFrame.new(0.738572121, 2.75733948, 0.0386741161, 0.999513984, 0.0311575346, -0.000961556099, -0.00064849481, 0.0516232438, 0.998666406, 0.0311656222, -0.998180509, 0.05161836)
	},

	[105] = {
		["fov"] = 84.24281310324525,
		["cframe"] = CFrame.new(0.732686043, 2.74996948, 0.0333073139, 0.999513984, 0.0311575346, -0.000961556099, -0.000648493879, 0.0516232438, 0.998666406, 0.0311656222, -0.998180509, 0.05161836)
	},

	[106] = {
		["fov"] = 84.44081128772017,
		["cframe"] = CFrame.new(0.726800919, 2.74259186, 0.0279405117, 0.999513984, 0.0311575346, -0.000961556099, -0.00064849481, 0.0516232438, 0.998666406, 0.0311656222, -0.998180509, 0.05161836)
	},

	[107] = {
		["fov"] = 84.59503752862216,
		["cframe"] = CFrame.new(0.720915794, 2.73522186, 0.0225737095, 0.999513984, 0.0311575346, -0.000961556099, -0.00064849481, 0.0516232438, 0.998666406, 0.0311656222, -0.998180509, 0.05161836)
	},

	[108] = {
		["fov"] = 84.71318711281472,
		["cframe"] = CFrame.new(0.719270706, 2.73338318, 0.0220108032, 0.999513984, 0.0311575383, -0.000961554237, -0.000648493879, 0.051623065, 0.998666465, 0.0311656259, -0.998180568, 0.0516181812)
	},

	[109] = {
		["fov"] = 84.80199541611813,
		["cframe"] = CFrame.new(0.717625618, 2.73154449, 0.0214476585, 0.999513984, 0.0311575383, -0.000961554237, -0.000648493879, 0.051623065, 0.998666465, 0.0311656259, -0.998180568, 0.0516181812)
	},

	[110] = {
		["fov"] = 84.86730189737891,
		["cframe"] = CFrame.new(0.71598053, 2.72971344, 0.0208847523, 0.999513984, 0.0311575383, -0.000961554237, -0.000648493879, 0.051623065, 0.998666465, 0.0311656259, -0.998180568, 0.0516181812)
	},

	[111] = {
		["fov"] = 84.91411409253942,
		["cframe"] = CFrame.new(0.714335442, 2.72787476, 0.020321846, 0.999513984, 0.0311575383, -0.000961555168, -0.000648495741, 0.0516232438, 0.998666406, 0.031165624, -0.998180509, 0.05161836)
	},

	[112] = {
		["fov"] = 84.94667160870745,
		["cframe"] = CFrame.new(0.712690353, 2.72603607, 0.0197589397, 0.999513984, 0.0311575402, -0.000961554237, -0.000648492947, 0.051623065, 0.998666465, 0.0311656296, -0.998180568, 0.0516181812)
	},

	[113] = {
		["fov"] = 84.96851011822565,
		["cframe"] = CFrame.new(0.711045265, 2.72419739, 0.0191957951, 0.999513984, 0.0311575402, -0.000961554237, -0.000648492947, 0.051623065, 0.998666465, 0.0311656296, -0.998180568, 0.0516181812)
	},

	[114] = {
		["fov"] = 84.98252535274125,
		["cframe"] = CFrame.new(0.709400177, 2.7223587, 0.0186328888, 0.999513984, 0.0311575383, -0.000961554237, -0.000648492016, 0.051623065, 0.998666406, 0.0311656259, -0.998180509, 0.0516181812)
	},

	[115] = {
		["fov"] = 84.99103709727547,
		["cframe"] = CFrame.new(0.707755089, 2.72052002, 0.0180699825, 0.999513984, 0.031157542, -0.000961553305, -0.00064849481, 0.051623065, 0.998666465, 0.0311656296, -0.998180568, 0.0516181812)
	},

	[116] = {
		["fov"] = 84.99585318429308,
		["cframe"] = CFrame.new(0.706110001, 2.71868896, 0.0175070763, 0.999513984, 0.0311575383, -0.000961554237, -0.000648491085, 0.051623065, 0.998666406, 0.0311656259, -0.998180509, 0.0516181812)
	},

	[117] = {
		["fov"] = 84.9983334877721,
		["cframe"] = CFrame.new(0.704464912, 2.71685028, 0.0169439316, 0.999513984, 0.0311575383, -0.000961554237, -0.000648492016, 0.051623065, 0.998666406, 0.0311656259, -0.998180509, 0.0516181812)
	},

	[118] = {
		["fov"] = 84.99945391727317,
		["cframe"] = CFrame.new(0.702819824, 2.7150116, 0.0163810253, 0.999513984, 0.0311575402, -0.000961554237, -0.000648492947, 0.051623065, 0.998666465, 0.0311656296, -0.998180568, 0.0516181812)
	},

	[119] = {
		["fov"] = 84.99987041200916,
		["cframe"] = CFrame.new(0.701957703, 2.71405029, 0.0160861015, 0.999513984, 0.0311575402, -0.000961552374, -0.000648492947, 0.051623065, 0.998666406, 0.0311656259, -0.998180509, 0.0516181812)
	},

	[120] = {
		["fov"] = 84.99998293491478,
		["cframe"] = CFrame.new(0.701096535, 2.71308899, 0.0157911777, 0.999513984, 0.0311575383, -0.000961552374, -0.000648493879, 0.051623065, 0.998666406, 0.0311656259, -0.998180509, 0.0516181812)
	},

	[121] = {
		["fov"] = 84.99999946671609,
		["cframe"] = CFrame.new(0.700234413, 2.71212769, 0.0154964924, 0.999513984, 0.031157542, -0.000961551443, -0.000648491085, 0.0516229458, 0.998666465, 0.0311656278, -0.998180568, 0.051618062)
	},

	[122] = {
		["fov"] = 85,
		["cframe"] = CFrame.new(0.699373245, 2.71115875, 0.0152015686, 0.999513984, 0.031157542, -0.00096154958, -0.000648491085, 0.0516229458, 0.998666465, 0.0311656296, -0.998180568, 0.051618062)
	},

	[123] = {
		["fov"] = 85,
		["cframe"] = CFrame.new(0.698511124, 2.71019745, 0.0149066448, 0.999513984, 0.0311575402, -0.000961552374, -0.000648492947, 0.051623065, 0.998666406, 0.0311656259, -0.998180509, 0.0516181812)
	},

	[124] = {
		["fov"] = 85,
		["cframe"] = CFrame.new(0.697649956, 2.70923615, 0.014611721, 0.999513984, 0.0311575383, -0.000961551443, -0.000648493879, 0.051623065, 0.998666406, 0.0311656278, -0.998180509, 0.0516181812)
	},

	[125] = {
		["fov"] = 85,
		["cframe"] = CFrame.new(0.696787834, 2.70827484, 0.0143167973, 0.999513984, 0.031157542, -0.000961553305, -0.00064849481, 0.051623065, 0.998666465, 0.0311656296, -0.998180568, 0.0516181812)
	},

	[126] = {
		["fov"] = 85,
		["cframe"] = CFrame.new(0.695925713, 2.70731354, 0.0140221119, 0.999513984, 0.031157542, -0.000961551443, -0.000648491085, 0.0516229458, 0.998666465, 0.0311656278, -0.998180568, 0.051618062)
	},

	[127] = {
		["fov"] = 85,
		["cframe"] = CFrame.new(0.695064545, 2.70635223, 0.0137271881, 0.999513984, 0.0311575383, -0.000961554237, -0.000648492016, 0.051623065, 0.998666406, 0.0311656259, -0.998180509, 0.0516181812)
	},

	[128] = {
		["fov"] = 85,
		["cframe"] = CFrame.new(0.694202423, 2.70539093, 0.0134322643, 0.999513984, 0.031157542, -0.00096154958, -0.000648491085, 0.0516229458, 0.998666465, 0.0311656296, -0.998180568, 0.051618062)
	},

	[129] = {
		["fov"] = 85,
		["cframe"] = CFrame.new(0.693341255, 2.704422, 0.0131373405, 0.999513984, 0.0311575383, -0.000961552374, -0.000648493879, 0.051623065, 0.998666406, 0.0311656259, -0.998180509, 0.0516181812)
	},

	[130] = {
		["fov"] = 85,
		["cframe"] = CFrame.new(0.692479134, 2.70346069, 0.0128424168, 0.999513984, 0.0311575383, -0.000961552374, -0.000648493879, 0.051623065, 0.998666406, 0.0311656259, -0.998180509, 0.0516181812)
	},

	[131] = {
		["fov"] = 85,
		["cframe"] = CFrame.new(0.691617966, 2.70249939, 0.012547493, 0.999513984, 0.0311575383, -0.000961552374, -0.000648493879, 0.051623065, 0.998666406, 0.0311656259, -0.998180509, 0.0516181812)
	},

	[132] = {
		["fov"] = 85,
		["cframe"] = CFrame.new(0.690755844, 2.70153809, 0.0122528076, 0.999513984, 0.0311575383, -0.000961552374, -0.000648493879, 0.051623065, 0.998666406, 0.0311656259, -0.998180509, 0.0516181812)
	},

	[133] = {
		["fov"] = 85,
		["cframe"] = CFrame.new(0.689893723, 2.70057678, 0.0119578838, 0.999513984, 0.0311575383, -0.000961552374, -0.000648493879, 0.051623065, 0.998666406, 0.0311656259, -0.998180509, 0.0516181812)
	},

	[134] = {
		["fov"] = 85,
		["cframe"] = CFrame.new(0.689032555, 2.69961548, 0.0116629601, 0.999513984, 0.0311575383, -0.000961552374, -0.000648493879, 0.051623065, 0.998666406, 0.0311656259, -0.998180509, 0.0516181812)
	},

	[135] = {
		["fov"] = 85,
		["cframe"] = CFrame.new(0.688170433, 2.69865417, 0.0113680363, 0.999513984, 0.0311575383, -0.000961551443, -0.000648493879, 0.051623065, 0.998666406, 0.0311656278, -0.998180509, 0.0516181812)
	},

	[136] = {
		["fov"] = 85,
		["cframe"] = CFrame.new(0.687309265, 2.69768524, 0.0110731125, 0.999513984, 0.0311575402, -0.000961551443, -0.000648492947, 0.0516229458, 0.998666465, 0.0311656278, -0.998180568, 0.051618062)
	},

	[137] = {
		["fov"] = 85,
		["cframe"] = CFrame.new(0.686447144, 2.69672394, 0.0107784271, 0.999513984, 0.0311575383, -0.000961552374, -0.000648493879, 0.051623065, 0.998666406, 0.0311656259, -0.998180509, 0.0516181812)
	},

	[138] = {
		["fov"] = 85,
		["cframe"] = CFrame.new(0.685585976, 2.69576263, 0.0104835033, 0.999513984, 0.0311575383, -0.000961552374, -0.000648493879, 0.051623065, 0.998666406, 0.0311656259, -0.998180509, 0.0516181812)
	},

	[139] = {
		["fov"] = 85,
		["cframe"] = CFrame.new(0.684723854, 2.69480133, 0.0101885796, 0.999513984, 0.0311575402, -0.000961552374, -0.000648492947, 0.051623065, 0.998666406, 0.0311656259, -0.998180509, 0.0516181812)
	},

	[140] = {
		["fov"] = 84.96856104946622,
		["cframe"] = CFrame.new(0.678691864, 2.68806458, 0.0081243515, 0.999513984, 0.0311575383, -0.000961552374, -0.000648493879, 0.051623065, 0.998666406, 0.0311656259, -0.998180509, 0.0516181812)
	},

	[141] = {
		["fov"] = 84.87463956090912,
		["cframe"] = CFrame.new(0.672659874, 2.68132782, 0.00606012344, 0.999513984, 0.0311575402, -0.000961554237, -0.000648492947, 0.051623065, 0.998666465, 0.0311656296, -0.998180568, 0.0516181812)
	},

	[142] = {
		["fov"] = 84.71941665154183,
		["cframe"] = CFrame.new(0.66072464, 2.66866302, 0.00477004051, 0.999513984, 0.0311575402, -0.000961552374, -0.000648492947, 0.051623065, 0.998666406, 0.0311656259, -0.998180509, 0.0516181812)
	},

	[143] = {
		["fov"] = 84.50484433951209,
		["cframe"] = CFrame.new(0.648790359, 2.65599823, 0.00347995758, 0.999513984, 0.0311575402, -0.000961552374, -0.000648492947, 0.051623065, 0.998666406, 0.0311656259, -0.998180509, 0.0516181812)
	},

	[144] = {
		["fov"] = 84.23362099614143,
		["cframe"] = CFrame.new(0.636855125, 2.64333344, 0.00218987465, 0.999513984, 0.0311575383, -0.000961552374, -0.000648493879, 0.051623065, 0.998666406, 0.0311656259, -0.998180509, 0.0516181812)
	},

	[145] = {
		["fov"] = 83.90915741234015,
		["cframe"] = CFrame.new(0.624919891, 2.63066101, 0.000899553299, 0.999513984, 0.0311575383, -0.000961552374, -0.000648493879, 0.051623065, 0.998666406, 0.0311656259, -0.998180509, 0.0516181812)
	},

	[146] = {
		["fov"] = 83.53553390593274,
		["cframe"] = CFrame.new(0.612985611, 2.61799622, -0.000390529633, 0.999513984, 0.0311575383, -0.000961552374, -0.000648493879, 0.051623065, 0.998666406, 0.0311656259, -0.998180509, 0.0516181812)
	},

	[147] = {
		["fov"] = 83.11744900929367,
		["cframe"] = CFrame.new(0.601050377, 2.60533142, -0.00168061256, 0.999513984, 0.0311575383, -0.000961552374, -0.000648493879, 0.051623065, 0.998666406, 0.0311656259, -0.998180509, 0.0516181812)
	},

	[148] = {
		["fov"] = 82.66016038257668,
		["cframe"] = CFrame.new(0.589116096, 2.59266663, -0.0029706955, 0.999513984, 0.0311575383, -0.000961552374, -0.000648493879, 0.051623065, 0.998666406, 0.0311656259, -0.998180509, 0.0516181812)
	},

	[149] = {
		["fov"] = 82.1694186955878,
		["cframe"] = CFrame.new(0.577180862, 2.58000183, -0.00426077843, 0.999513984, 0.0311575383, -0.000961552374, -0.000648493879, 0.051623065, 0.998666465, 0.0311656259, -0.998180568, 0.0516181812)
	},

	[150] = {
		["fov"] = 81.65139530977584,
		["cframe"] = CFrame.new(0.568471909, 2.55997467, -0.00426077843, 0.999513984, 0.0311575383, -0.000961552374, -0.000648493879, 0.051623065, 0.998666465, 0.0311656259, -0.998180568, 0.0516181812)
	},

	[151] = {
		["fov"] = 81.11260466978158,
		["cframe"] = CFrame.new(0.559762001, 2.53994751, -0.00426077843, 0.999513984, 0.0311575402, -0.000961554237, -0.000648492947, 0.051623065, 0.998666465, 0.0311656296, -0.998180568, 0.0516181812)
	},

	[152] = {
		["fov"] = 80.55982238051654,
		["cframe"] = CFrame.new(0.551052094, 2.51992035, -0.00426077843, 0.999513984, 0.0311575402, -0.000961554237, -0.000648492947, 0.051623065, 0.998666465, 0.0311656296, -0.998180568, 0.0516181812)
	},

	[153] = {
		["fov"] = 80,
		["cframe"] = CFrame.new(0.54234314, 2.49989319, -0.00426101685, 0.999513984, 0.0311575383, -0.000961555168, -0.000648495741, 0.0516232438, 0.998666406, 0.031165624, -0.998180509, 0.05161836)
	},

	[154] = {
		["fov"] = 79.91935483870968,
		["cframe"] = CFrame.new(0.533634186, 2.47986603, -0.00426101685, 0.999513984, 0.0311575346, -0.000961556099, -0.000648493879, 0.0516232438, 0.998666406, 0.0311656222, -0.998180509, 0.05161836)
	},

	[155] = {
		["fov"] = 79.83870967741936,
		["cframe"] = CFrame.new(0.524924278, 2.45983887, -0.00426101685, 0.999513984, 0.0311575159, -0.000961541606, -0.000648512971, 0.0516233817, 0.998666406, 0.0311656371, -0.998180449, 0.0516184904)
	},

	[156] = {
		["fov"] = 79.75806451612904,
		["cframe"] = CFrame.new(0.524924278, 2.45983887, -0.00426101685, 0.999513984, 0.0311575159, -0.000961541606, -0.000648512971, 0.0516233817, 0.998666406, 0.0311656371, -0.998180449, 0.0516184904)
	},

	[157] = {
		["fov"] = 79.6774193548387,
		["cframe"] = CFrame.new(0.524924278, 2.45983887, -0.00426101685, 0.999513984, 0.0311575159, -0.000961541606, -0.000648512971, 0.0516233817, 0.998666406, 0.0311656371, -0.998180449, 0.0516184904)
	},

	[158] = {
		["fov"] = 79.59677419354838,
		["cframe"] = CFrame.new(0.524924278, 2.45983887, -0.00426101685, 0.999513984, 0.0311575159, -0.000961541606, -0.000648512971, 0.0516233817, 0.998666406, 0.0311656371, -0.998180449, 0.0516184904)
	},

	[159] = {
		["fov"] = 79.51612903225806,
		["cframe"] = CFrame.new(0.524924278, 2.45983887, -0.00426101685, 0.999513984, 0.0311575159, -0.000961541606, -0.000648512971, 0.0516233817, 0.998666406, 0.0311656371, -0.998180449, 0.0516184904)
	},

	[160] = {
		["fov"] = 79.43548387096774,
		["cframe"] = CFrame.new(0.524924278, 2.45983887, -0.00426101685, 0.999513984, 0.0311575159, -0.000961541606, -0.000648512971, 0.0516233817, 0.998666406, 0.0311656371, -0.998180449, 0.0516184904)
	},

	[161] = {
		["fov"] = 79.35483870967742,
		["cframe"] = CFrame.new(0.524924278, 2.45983887, -0.00426101685, 0.999513984, 0.0311575159, -0.000961541606, -0.000648512971, 0.0516233817, 0.998666406, 0.0311656371, -0.998180449, 0.0516184904)
	},

	[162] = {
		["fov"] = 79.2741935483871,
		["cframe"] = CFrame.new(0.524924278, 2.45983887, -0.00426101685, 0.999513984, 0.0311575159, -0.000961541606, -0.000648512971, 0.0516233817, 0.998666406, 0.0311656371, -0.998180449, 0.0516184904)
	},

	[163] = {
		["fov"] = 79.19354838709677,
		["cframe"] = CFrame.new(0.524924278, 2.45983887, -0.00426101685, 0.999513984, 0.0311575159, -0.000961541606, -0.000648512971, 0.0516233817, 0.998666406, 0.0311656371, -0.998180449, 0.0516184904)
	},

	[164] = {
		["fov"] = 79.11290322580645,
		["cframe"] = CFrame.new(0.524924278, 2.45983887, -0.00426101685, 0.999513984, 0.0311575159, -0.000961541606, -0.000648512971, 0.0516233817, 0.998666406, 0.0311656371, -0.998180449, 0.0516184904)
	},

	[165] = {
		["fov"] = 79.03225806451613,
		["cframe"] = CFrame.new(0.524924278, 2.45983887, -0.00426101685, 0.999513984, 0.0311575159, -0.000961541606, -0.000648512971, 0.0516233817, 0.998666406, 0.0311656371, -0.998180449, 0.0516184904)
	},

	[166] = {
		["fov"] = 78.95161290322581,
		["cframe"] = CFrame.new(0.524924278, 2.45983887, -0.00426101685, 0.999513984, 0.0311575159, -0.000961541606, -0.000648512971, 0.0516233817, 0.998666406, 0.0311656371, -0.998180449, 0.0516184904)
	},

	[167] = {
		["fov"] = 78.87096774193549,
		["cframe"] = CFrame.new(0.524924278, 2.45983887, -0.00426101685, 0.999513984, 0.0311575159, -0.000961541606, -0.000648512971, 0.0516233817, 0.998666406, 0.0311656371, -0.998180449, 0.0516184904)
	},

	[168] = {
		["fov"] = 78.79032258064517,
		["cframe"] = CFrame.new(0.524924278, 2.45983887, -0.00426101685, 0.999513984, 0.0311575159, -0.000961541606, -0.000648512971, 0.0516233817, 0.998666406, 0.0311656371, -0.998180449, 0.0516184904)
	},

	[169] = {
		["fov"] = 78.70967741935483,
		["cframe"] = CFrame.new(0.524924278, 2.45983887, -0.00426101685, 0.999513984, 0.0311575159, -0.000961541606, -0.000648512971, 0.0516233817, 0.998666406, 0.0311656371, -0.998180449, 0.0516184904)
	},

	[170] = {
		["fov"] = 78.62903225806451,
		["cframe"] = CFrame.new(0.524924278, 2.45983887, -0.00426101685, 0.999513984, 0.0311575159, -0.000961541606, -0.000648512971, 0.0516233817, 0.998666406, 0.0311656371, -0.998180449, 0.0516184904)
	},

	[171] = {
		["fov"] = 78.54838709677419,
		["cframe"] = CFrame.new(0.524924278, 2.45983887, -0.00426101685, 0.999513984, 0.0311575159, -0.000961541606, -0.000648512971, 0.0516233817, 0.998666406, 0.0311656371, -0.998180449, 0.0516184904)
	},

	[172] = {
		["fov"] = 78.46774193548387,
